0.848651231242476,0.058842259880209705,89109.0,0.8062114417552948,1
0.0018159429796739343,3.2430359857273174e-09,69132.0,0.001802399754524231,1
16.475471479932498,0.0038348015677535647,86772.0,0.5504889339208603,1
8.459451024575984e-06,7.567774472392417e-10,69130.0,3.238022327423096e-05,1
0.0017848921646220215,3.716789116296131e-11,69130.0,0.0017577558755874634,1
0.00184574902642373,4.67390051156651e-09,69132.0,0.001830071210861206,1
2.2236437226844053e-05,6.697455916094549e-09,69127.0,9.526312351226807e-05,1
0.001817852649643931,3.805023923175225e-09,69131.0,0.0018220990896224976,1
1.9458976765072036e-05,4.2663728333241345e-09,69130.0,7.617473602294922e-05,1
0.0018127264583495206,2.311711259385246e-09,69131.0,0.0017994791269302368,1
19.129168980061326,0.09624176332184006,41470.0,0.38914814591407776,1
2.2445071601606652e-05,4.693907158160415e-10,69130.0,4.488229751586914e-05,1
0.0017835727944200933,3.5689398322405395e-11,69130.0,0.001757398247718811,1
5.292014556203985e-05,5.1267543327539795e-09,69132.0,9.007751941680908e-05,1
2.2365481411169375e-05,6.5539359028319915e-09,69123.0,9.246170520782471e-05,1
1.035743259639852e-05,3.7142576201091362e-09,69130.0,6.444752216339111e-05,1
0.0017970145821590274,1.5538468978355655e-10,69130.0,0.0017657727003097534,0
1.5016511653031285e-05,2.522655570380606e-09,32459.0,5.474686622619629e-05,1
3.203839215572197,0.035770434016520275,132966.0,0.7879297286272049,1
0.0018144598840588908,8.010291595391144e-10,69131.0,0.0017981380224227905,1
0.0017862710676958412,4.2922863497761715e-11,69130.0,0.0017584115266799927,1
0.0018743079334148762,8.71266379812921e-09,69137.0,0.0018603205680847168,1
1.834697870424113e-05,2.083025885724077e-09,69130.0,5.5789947509765625e-05,1
0.0017899761228781141,3.337300014385484e-09,69130.0,0.0017912834882736206,1
0.0017868236967839698,1.0115134946281577e-11,69130.0,0.0017578154802322388,0
9.331542123829136e-06,1.4681995100955287e-09,71347.0,4.3019652366638184e-05,1
0.0018117633630535801,9.122874318933848e-10,69131.0,0.0018013566732406616,1
0.0017848897974793174,4.48045756473412e-11,69130.0,0.001755446195602417,1
0.0018695887381028188,9.458690778302073e-09,69135.0,0.0018282830715179443,1
1.970887426975021e-05,1.4573817528437511e-09,69129.0,5.549192428588867e-05,1
1.3789807020018526e-05,3.573308695404065e-09,69130.0,6.507337093353271e-05,1
0.00178290617229752,5.329129497572772e-09,69130.0,0.0017804503440856934,0
1.1026496817482533e-05,1.3109050030155248e-09,78842.0,6.446242332458496e-05,1
4.40592084056398,0.023654954224595928,126679.0,0.7325793206691742,1
0.0018269994248807696,1.75887093185294e-09,69130.0,0.001816675066947937,1
2.195697605684307e-05,9.242871374995341e-11,69130.0,3.279745578765869e-05,1
0.0018304438339525988,4.872486087248071e-09,69131.0,0.001846417784690857,1
0.0017817277379112502,1.5586757316103811e-09,69127.0,0.0017701536417007446,1
0.0018060952685922383,3.301764219272158e-09,69130.0,0.0017973780632019043,1
1.1263361219537622,0.04086098171459855,185979.0,0.8571588844060898,1
9.086742602989439,0.006895211471601017,124200.0,0.5917421877384186,1
0.0017623303588493189,2.2933884118456763e-09,69130.0,0.001749470829963684,1
1.9208648736282304e-05,5.45573756453363e-11,69130.0,2.8178095817565918e-05,1
0.0018301622348320253,1.3631788584347241e-08,69130.0,0.0018184483051300049,1
0.001788799439569727,1.4880862642396742e-09,69130.0,0.0017664283514022827,1
0.0017870937437275691,3.4779115080761793e-09,69130.0,0.001780390739440918,1
6.330565152182066,0.01028826875917398,146945.0,0.5010112524032593,0
0.001805920191038655,1.1950513621639268e-09,80315.0,0.0016609430313110352,1
0.0018163861103419978,2.1345294256265747e-09,69130.0,0.0017926841974258423,1
2.3187384713495717e-05,8.366656919994576e-11,69130.0,3.4555792808532715e-05,1
1.27511283345581e-05,3.974880795665394e-09,69131.0,6.896257400512695e-05,1
0.0017853513123798359,1.2109643542891898e-09,69130.0,0.0017756074666976929,1
0.0018147261755348664,3.1306111583007874e-09,69130.0,0.0018159598112106323,1
1.5093570007455273,0.03371965492306166,209868.0,0.8722913861274719,1
13.123935289353085,0.004613437054214489,96127.0,0.5965487957000732,1
0.001766798088849383,2.8831261457900438e-09,69130.0,0.0017614513635635376,1
0.0017838040112205511,8.470394756796958e-11,69130.0,0.0017592310905456543,1
0.001799051639080136,7.853049198053917e-09,69129.0,0.0018081367015838623,1
0.0017814290551365353,1.5134178141664032e-09,69130.0,0.00176943838596344,1
0.0017913634837114628,2.9371444293308557e-09,69130.0,0.0017846226692199707,1
9.700334634292462,0.006830822694074025,111900.0,0.5884481370449066,0
1.8827426996368262e-06,3.515035834406919e-10,80932.0,2.9772520065307617e-05,1
0.001774946549443084,3.6169514139228936e-09,69130.0,0.0017697066068649292,1
0.001781664731551574,1.331529294570997e-10,69130.0,0.0017575472593307495,1
0.0018319713245696712,6.954033373146464e-09,69133.0,0.0018508732318878174,1
1.807130606237798e-05,1.64146449839603e-09,69129.0,5.313754081726074e-05,1
0.0018121174276071975,3.374437491494946e-09,69130.0,0.001829296350479126,1
0.8804178685700422,0.051959047691610624,178997.0,0.8473664671182632,1
9.301327081660206,0.0067304210748104516,122448.0,0.589028388261795,1
4.520746105587342e-05,3.367647339796721e-09,69130.0,7.584691047668457e-05,1
0.0017851157531792775,1.3909325878866275e-10,69130.0,0.0017568320035934448,1
2.0875032413085385e-05,4.041233143441652e-09,69130.0,7.705390453338623e-05,1
0.0017870085316556864,1.5366747584621626e-09,69130.0,0.0017691999673843384,1
0.001783413033387621,2.9349336240046894e-09,69127.0,0.0017875880002975464,1
4.714881482416115,0.013352070983972302,198807.0,0.6877118349075317,0
0.0018082972871910033,3.723581957372721e-10,78782.0,0.00162544846534729,1
8.582226612832553,0.00869752529528346,109122.0,0.6038251519203186,1
0.001818104872501579,3.0258020110121482e-09,69130.0,0.0018125474452972412,1
0.0017867866150311923,1.4643300096065407e-10,69130.0,0.0017606914043426514,1
0.0018139717644923606,3.4173851991233627e-09,69133.0,0.0018511414527893066,1
0.0017895527602307803,1.1939973972774593e-09,69130.0,0.001777946949005127,1
1.3628160819911933e-05,2.7320017722998122e-09,69130.0,5.7891011238098145e-05,1
20.883085356874005,0.002289707182860328,94432.0,0.5237983167171478,0
0.0018069321998700546,2.9834796966475043e-10,80261.0,0.0016511082649230957,1
0.0017493293292403331,4.540012305122681e-09,69129.0,0.0017373859882354736,1
0.0017828929198060017,1.432142456245203e-10,69129.0,0.0017588436603546143,1
0.0017851612823906104,4.417063294159755e-09,69130.0,0.0017748326063156128,1
0.0017890011332373596,1.559687712290674e-09,69128.0,0.0017805993556976318,1
0.0017878499110196835,2.627769900505208e-09,69127.0,0.0017880648374557495,1
5.763378735943272,0.01126374210271216,160440.0,0.5586601346731186,1
0.0017690391188975349,2.8779635299469344e-09,69126.0,0.0017800629138946533,1
0.001779973810980001,6.231818065755765e-09,69130.0,0.0017840266227722168,1
0.0017782999555246784,3.120507799814239e-09,69130.0,0.0017624050378799438,1
0.0017865429352851778,1.355532385562317e-10,69130.0,0.0017606467008590698,1
0.001788470720817463,4.354632707689961e-09,69130.0,0.0017935782670974731,1
0.001784953440498042,1.53316199576522e-09,69130.0,0.0017576515674591064,1
2.298047011808917e-05,2.309409920626224e-09,69125.0,5.81592321395874e-05,1
5.701816845442632,0.011286052926583415,167750.0,0.6517139077186584,1
0.001775127857307619,3.1371602106755074e-09,69123.0,0.0017769187688827515,1
0.0017710662794011905,6.296317514347509e-09,69129.0,0.0017833858728408813,1
2.685534466463309e-05,2.9873444535886e-09,69130.0,6.727874279022217e-05,1
8.671451619878097e-06,2.337671453492611e-10,69130.0,2.205371856689453e-05,1
0.0017794230675176662,3.853510149522791e-09,69130.0,0.0017794966697692871,1
0.0017890549891349916,1.6309886713956066e-09,69130.0,0.0017757415771484375,1
0.0017777449186288671,2.944050968682442e-09,69126.0,0.0017787367105484009,1
2.370169627985761,0.03077106583194305,206887.0,0.7497793436050415,1
0.001790912541951594,3.011972496840677e-09,69130.0,0.0017853081226348877,1
0.0018066572639797733,7.849502485322004e-09,69127.0,0.0018078088760375977,1
0.001778341614667477,3.605260428517279e-09,69130.0,0.001766994595527649,1
0.0017823036950558506,1.2439573228423694e-10,69130.0,0.001756429672241211,1
0.001785711474175487,3.30425172888e-09,69129.0,0.0017906129360198975,1
0.0017857204140686192,1.4985296540074507e-09,69129.0,0.0017768144607543945,1
0.0017824505104811512,2.9043773899940927e-09,69128.0,0.0017653703689575195,1
0.0017868403732684253,2.9396770019526945e-09,69130.0,0.001780673861503601,1
0.0017907643335000282,2.9600501347172153e-09,69129.0,0.001812264323234558,1
1.3175237633241124,0.04635826536628787,162093.0,0.8088864237070084,1
1.2294934990398982,0.06305339103748384,115674.0,0.5015674978494644,1
2.1909485961002575e-05,8.840647220762548e-12,69130.0,2.7954578399658203e-05,1
0.0018084284952643278,3.5717706214758187e-09,69130.0,0.0017943382263183594,1
0.0017896658050933396,7.63954749333853e-09,69126.0,0.001806020736694336,1
2.294750763656946e-05,3.447360858053088e-09,69129.0,7.368624210357666e-05,1
0.0017854394677940227,8.444428543640094e-12,69130.0,0.001755937933921814,1
0.0017902594349374127,3.311776681011121e-09,69128.0,0.001786842942237854,0
0.05402671508933012,1.6718479493200642e-08,72228.0,0.06193000078201294,1
0.0017883974621729997,1.9599149125267467e-09,69130.0,0.0017721951007843018,1
0.0017834159176964056,1.975485737807503e-11,69130.0,0.0017550736665725708,1
1.3050499587313464e-05,3.3132551299626687e-09,69130.0,7.140636444091797e-05,1
0.001785352822430322,9.481154141102328e-10,69130.0,0.0017635971307754517,1
0.0017886318867842285,3.673413681218603e-09,69130.0,0.0017911195755004883,1
0.0017766903297139513,3.447777355278117e-09,69130.0,0.0017716437578201294,0
10.707783332599764,0.0061559695102151235,165479.0,0.5970834791660309,0
0.0017759048328036078,8.536336288925997e-10,69130.0,0.001755356788635254,1
1.249692951996928,0.06325012592886922,116367.0,0.5015560835599899,1
0.0017828769443511956,2.3213840288501582e-11,69130.0,0.0017556995153427124,1
0.001847227453052134,7.147538633954377e-09,69130.0,0.0018245875835418701,1
0.0017887959908881557,7.812105633759495e-09,69121.0,0.0018164515495300293,1
0.0017835709560004656,3.4649598604921578e-09,69130.0,0.0017711669206619263,1
0.0017696079094258433,3.931831641012783e-09,69130.0,0.0017592459917068481,0
7.9034056434626185,0.006811028486349127,172430.0,0.7320896089076996,1
1.246895405797203,0.06303552240169985,116837.0,0.5015055388212204,1
2.2938042363783423e-05,4.328172846155389e-11,69130.0,3.2573938369750977e-05,1
0.0018550882879066566,5.066060992019901e-09,69133.0,0.0018488019704818726,1
0.0017914889026205505,1.6937468284478336e-09,69130.0,0.0017805993556976318,1
0.0018095067478822024,3.5138036813564578e-09,69130.0,0.0018166005611419678,0
10000000.0,0.0005358405084260151,240282.0,0.43565833568573,0
10.444883528654216,0.006276560305693977,174783.0,0.6966820061206818,1
1.3273135861531655,0.060406202933178,123390.0,0.8059947937726974,1
0.0017816910654924554,5.117914121691265e-11,69129.0,0.0017549693584442139,1
0.0018460445898773822,5.734696754716051e-09,69135.0,0.0018167942762374878,1
0.0017818136906220933,1.5414642329654243e-09,69128.0,0.001766979694366455,1
1.6312007885836358e-05,3.218888502663889e-09,69130.0,6.671249866485596e-05,0
4.935945302073503,0.003718922045112147,270585.0,0.6477723717689514,0
6.1383183982698135,0.010315969038789013,153194.0,0.5009343475103378,1
1.3987544644711207,0.062672068704507,128103.0,0.7811006456613541,1
0.0017848805880414506,8.787536360386615e-11,69130.0,0.0017577111721038818,1
0.0018146338637634362,3.444473121985518e-09,69130.0,0.0018104463815689087,1
1.8807384770469973e-05,1.7475643300634598e-09,69129.0,5.2809715270996094e-05,1
1.425245233824638,0.05533974045129458,110612.0,0.7305445075035095,0
0.0017842662668888717,2.2689297944578803e-09,69130.0,0.0017665624618530273,0
6.25022967441761,0.010682073848767114,178012.0,0.6831991225481033,1
1.3077229667745376,0.06370729143576102,119192.0,0.501537948846817,1
2.291550549061302e-05,9.901786204995203e-11,69130.0,3.202259540557861e-05,1
0.00183676364558296,8.972643928034586e-09,69133.0,0.0018214136362075806,1
0.0017898389414308872,1.691716254103564e-09,69130.0,0.001777052879333496,1
1.060091802495571,0.060656450395123844,109457.0,0.5015739798545837,0
1.382548286132067,0.027022195675749785,192964.0,0.7653740346431732,0
10.080997860457327,0.00666377641044903,169960.0,0.63040891289711,1
1.3754147254168345,0.06402133346935542,130865.0,0.8082778602838516,1
0.0017844553164925378,9.646512288197473e-11,69130.0,0.001759648323059082,1
0.0018128919307927019,1.0140755660217947e-08,69130.0,0.001833885908126831,1
0.0017866110989839807,1.5851989396210864e-09,69130.0,0.001782536506652832,1
1.293467996901133,0.05919724354406465,117795.0,0.8070977628231049,0
2.359159728153111e-05,2.2938840034364966e-09,69132.0,5.872547626495361e-05,0
5.267246550187372,0.011084827492393626,166690.0,0.7131288945674896,1
1.361312675739113,0.062271815239420665,128174.0,0.8052547872066498,1
0.0017843210474156365,1.2681234953231373e-10,69130.0,0.0017581284046173096,1
0.001838887854956598,9.86465364959584e-09,69137.0,0.001867830753326416,1
0.0017846803530406786,1.5726636040727997e-09,69130.0,0.0017745643854141235,1
1.0776936648231705,0.0606491789572613,109871.0,0.501608669757843,0
0.0017816674887034068,3.3958618463413178e-09,69130.0,0.0017712414264678955,0
1.603122550689469,0.04731260563783,140926.0,0.894114077091217,1
0.00181756079182408,9.534627740251034e-11,69130.0,0.0017880350351333618,1
0.0017899505839298487,5.444234060812691e-09,69131.0,0.0018133968114852905,1
0.0017849772732469724,1.652106494481037e-09,69130.0,0.0017692595720291138,1
1.0611046068565118,0.06021321563407153,109646.0,0.5000131279230118,0
56.19167660317554,0.0010400173442034661,35028.0,0.4757853299379349,0
10.977535020982936,0.005778594962857241,177169.0,0.7349381148815155,1
0.0017509825524210957,3.6609941649594496e-09,69130.0,0.0017451494932174683,1
0.0017833347161344167,1.0151891378232195e-10,69129.0,0.0017575770616531372,1
2.364754657949356e-05,5.565709568701292e-09,69130.0,0.00010804831981658936,1
0.001780176472552138,1.3953043435372493e-09,69130.0,0.0017734915018081665,1
1.296433732652749,0.05892402965268493,118393.0,0.8060984760522842,0
12.188760682366132,0.09458271736141093,79890.0,0.45579950511455536,1
0.0017906235470434913,3.083914102596911e-09,69130.0,0.001784995198249817,1
0.00178332068968187,1.2615662590257383e-10,69130.0,0.0017591416835784912,1
0.0018221263387709988,3.65619056974216e-09,69134.0,0.0018526315689086914,1
0.0017848800378653326,1.4755178861209431e-09,69130.0,0.0017808526754379272,1
1.0733646647451254,0.06070349077657571,109826.0,0.5015356242656708,0
0.19970174348828856,6.891168675307639e-08,69795.0,0.2263527512550354,0
0.0017827056573640782,4.666704980246294e-09,69133.0,0.0017985254526138306,1
0.001807125526457612,7.372468119648487e-09,69130.0,0.0018208473920822144,1
0.0018082330616524275,2.9056848994881003e-09,69131.0,0.0017992407083511353,1
0.001785301454749244,1.5110394175210732e-10,69130.0,0.0017620325088500977,1
0.0018107217411235418,4.1826138720990105e-09,69131.0,0.0018122494220733643,1
1.751979907739616e-05,1.6014591307051467e-09,69130.0,5.288422107696533e-05,1
1.3261163068545239,0.06100733892221948,112925.0,0.6692967563867569,0
0.0017771926688939866,1.8599523308979472e-09,69128.0,0.001764148473739624,1
0.0017731303991008669,2.6623711055571595e-09,69130.0,0.001777559518814087,1
4.479297486493402e-05,6.661876212644514e-09,69128.0,0.0001150369644165039,1
0.0017719691925884148,3.80024860549132e-09,69130.0,0.0017601698637008667,1
0.00178664872369588,1.5461431310552208e-10,69130.0,0.0017605423927307129,1
0.0017851137526545856,4.025890668320719e-09,69130.0,0.0017784982919692993,1
0.0017817388447713945,1.5093858487955688e-09,69130.0,0.0017734020948410034,1
1.2891315327106536,0.05888303700784511,117794.0,0.8079024255275726,1
3.7200346137772984,0.016099437235442514,230535.0,0.7284562438726425,1
0.0018074072840033757,3.605086415817713e-09,69130.0,0.001799657940864563,1
0.0017940700843121751,6.829504554773828e-09,69130.0,0.0018090307712554932,1
0.00176466249585019,4.514920388856338e-09,69131.0,0.0017562955617904663,1
0.00178497132095958,1.410369587770891e-10,69130.0,0.0017581433057785034,1
0.001789907838379061,3.119833460058414e-09,69130.0,0.0017991513013839722,1
0.0017843823403215313,1.5378965112793738e-09,69130.0,0.0017646104097366333,1
1.2922502618260876,0.05894879488925596,118093.0,0.8074048608541489,1
0.0017894521350835413,3.912326833147395e-09,69130.0,0.0017946809530258179,1
0.0018142194988104952,6.788233038544429e-09,69127.0,0.001817852258682251,1
1.65070976505427,0.03750797140060327,158757.0,0.7064984291791916,1
0.0018072841675072086,1.6198789115113517e-12,87997.0,0.0017806142568588257,1
0.001861613984393823,7.280055781536602e-09,69132.0,0.0018529295921325684,1
0.0017863208139552314,1.0425302120344964e-09,69130.0,0.0017718374729156494,1
0.0018167307685705142,3.892130786109333e-09,69131.0,0.001809924840927124,1
0.0017869460387914908,8.036254369831254e-12,69130.0,0.0017580687999725342,1
0.0018058747513017526,3.5230939853811635e-09,69130.0,0.0018316656351089478,0
0.0017835835988475274,5.463355604712574e-09,69129.0,0.0017937570810317993,0
2.410823853698829,0.03071571402495615,135121.0,0.7390173077583313,1
0.0018162569634400541,4.836011481207213e-09,69129.0,0.0018126368522644043,1
0.0017915679559810235,6.787108818829182e-09,69129.0,0.0018073022365570068,1
0.0017868486127378238,3.384483370203786e-09,69130.0,0.001793503761291504,1
0.0017849923371451256,1.734518413179581e-11,69130.0,0.001756519079208374,0
1.6446858039253276,0.07926231533789847,90168.0,0.7910306751728058,0
1.6368500351368211,0.07996433992608916,90221.0,0.7984256744384766,0
1.7205854053000344e-05,9.510412544682513e-09,69131.0,0.0001071542501449585,0
1.4997154900619687,0.0390105202007058,208976.0,0.8209090977907181,0
0.004432235175122612,3.0217723340143003e-09,67914.0,0.005016222596168518,0
0.010234876601456317,3.998023607397961e-09,66080.0,0.012056753039360046,1
0.0018242403835728898,2.467567360822008e-10,69131.0,0.001806214451789856,0
0.24425629449047406,9.830680360073535e-09,75184.0,0.25109049677848816,0
17.074924639096132,0.002003353690544118,182422.0,0.4103527367115021,1
11.020634270178617,0.03292326134360786,174502.0,0.46992672979831696,1
1.4055101381514772,0.06620870372008503,122535.0,0.5017510056495667,0
8.003012242333204,0.010928947534997705,200016.0,0.5907101929187775,0
3.701176775448507,0.043906070636365715,104319.0,0.6764253824949265,0
17.650686957452997,0.0034116003066956484,196606.0,0.4105865955352783,1
1.7621433148901788,0.048192629056066916,130540.0,0.6930416226387024,0
11.991281313209921,0.01096465119207344,53376.0,0.5000381916761398,0
9.095136246856942,0.006844225051888297,161002.0,0.5008283406496048,1
0.0018045262792166612,5.128734535370553e-09,79727.0,0.0017131268978118896,1
0.002125956066329631,1.4284417020736959e-09,88952.0,0.0026757270097732544,1
0.0018200242868962096,4.4161401582209106e-10,3766.0,0.0009296238422393799,0
13.71668114689782,0.0008314968297814349,291302.0,0.5436328649520874,0
6.789993855116207,0.010027398772290577,178619.0,0.6943576633930206,1
1.5902883899518458,0.05291390014344997,227480.0,0.7618310302495956,1
5.462972742261924,0.036133718008570355,211084.0,0.5637330114841461,1
0.8555299204323412,0.06273284735185829,102832.0,0.8285913467407227,0
8.229918583221815,0.010722761142879405,180576.0,0.5507248789072037,0
7.512989368296268,0.006959989809892133,170283.0,0.7335645258426666,1
1.2063872150734247,0.062304275767301597,114685.0,0.5015193819999695,1
6.0821531945947,0.01703709209354353,152058.0,0.500708594918251,0
0.38075780140691085,2.0805356140531098e-08,28610.0,0.40448233485221863,0
5.926878019152799,0.0008276663653433792,171317.0,0.6755081415176392,0
10.293004967430017,0.006239614268987811,162651.0,0.5636078119277954,0
2.5656868887452124,4.0556973483041024e-08,50643.0,0.6975743696093559,1
1.3552120725184566e-05,2.3148718162464303e-09,4019.0,4.3019652366638184e-05,1
0.587432044453223,0.05324708198407304,74541.0,0.7284557521343231,1
1.215616591724561,0.05988665487009212,129833.0,0.8061466068029404,0
19.211622821199665,0.030689033922334304,183564.0,0.551456406712532,0
39.97805454471062,0.01102585227755927,202189.0,0.5539017021656036,0
39.30939856195437,0.00611945968779873,157455.0,0.44046632945537567,0
1.3256803226090021,0.056302492116553915,113647.0,0.9484150409698486,1
2.7669778502598974,0.037546595956944456,211736.0,0.6397089213132858,1
1.7754813678504586,0.04415808510150568,138476.0,0.9069353640079498,1
9.227376667158355,0.004522571172894719,231722.0,0.47716596722602844,0
5.213198899292676,0.011378539208604373,167815.0,0.733243465423584,0
0.0018038850925601003,3.2395029995387475e-09,78942.0,0.0016329288482666016,1
0.0018201087207659686,1.5275926363825484e-09,80359.0,0.0016361773014068604,0
0.12484263215061389,7.90043988944809e-09,76229.0,0.12635307013988495,0
16.76422688304545,0.009691976930681908,213943.0,0.7561440765857697,0
10000000.0,0.0004208582360546733,26624.0,0.44019855558872223,0
7.589347093227522,0.00851639274712573,133120.0,0.5257585793733597,1
1.4065169455412854,0.057596339483259644,149690.0,0.8069326132535934,1
0.001790846115462443,3.9014628301645646e-09,24577.0,0.0017698109149932861,0
5.679515929690303,2.7964260642357407e-05,982.0,0.05244963429868221,0
1.802624309301979,0.06037048604147187,129873.0,1.0225484371185303,0
0.0017799924772115051,2.491060361383045e-09,79432.0,0.0016345381736755371,1
0.0017613067084261546,6.577493413024204e-09,69130.0,0.001784786581993103,1
0.001784273880707371,3.8257973207413766e-09,69131.0,0.0017745941877365112,1
0.001785903648796756,1.5020203493241278e-10,69130.0,0.0017618238925933838,1
0.0018160922139728254,3.861003786541353e-09,69136.0,0.0018194466829299927,0
0.0017825915615083618,3.4726672026564464e-09,69130.0,0.00179193913936615,0
4.427642041223934,0.013990865615498532,256736.0,0.8709513247013092,1
0.0018213665831582823,2.8519539262270404e-09,69130.0,0.0018090009689331055,1
0.0017274316124198186,1.0088951813329316e-08,69126.0,0.0017433613538742065,1
0.0017964647121456352,3.2646775220134917e-09,69132.0,0.0017859935760498047,1
0.0017845342056494018,1.5759971375259437e-10,69130.0,0.0017545372247695923,1
0.0018125509220712134,3.331059663893938e-09,69131.0,0.0018059462308883667,1
1.7249514946583523e-05,1.5901960817124635e-09,69130.0,5.0127506256103516e-05,0
0.0018013448858917442,2.983739630730298e-09,78896.0,0.0016250908374786377,1
4.29595592839179e-06,1.257793995042856e-09,78774.0,4.374980926513672e-05,1
0.0017094959422404251,1.5916275178453044e-08,69124.0,0.0017313659191131592,1
0.0017589108455978207,3.3290871528722722e-09,69130.0,0.00175495445728302,1
0.0017873872377964855,1.3255075282401046e-10,69130.0,0.0017622709274291992,1
0.0017871557886782166,2.616305242202098e-09,69130.0,0.0017709285020828247,1
0.0017860519140084467,1.3602304576296306e-09,69130.0,0.001767173409461975,1
5.747409138006938,0.004929649961084595,266240.0,0.48795710504055023,1
0.0018216336115643797,4.301070277422113e-09,69132.0,0.0018298029899597168,1
0.0018040721772505446,3.365776439406771e-09,69129.0,0.0018150359392166138,1
0.001782876874855833,6.293566782020788e-09,69130.0,0.0017842501401901245,1
2.5926427554328e-05,2.9716409195923772e-09,78851.0,0.00010976195335388184,1
0.0018479582993267837,5.108005981178918e-09,69132.0,0.0018629878759384155,1
0.00178483016103652,5.530325757600357e-09,69131.0,0.001774221658706665,1
0.0018120260221094876,3.692581787529078e-09,69131.0,0.0017962157726287842,1
0.0017847592382224918,1.0781015500590386e-11,69130.0,0.0017554163932800293,1
0.001824654148621263,3.7049851946770962e-09,69130.0,0.0018310844898223877,0
0.16524943394884856,8.893092100631761e-09,77280.0,0.17154934257268906,0
0.19092553839871138,6.201097293726855e-08,70644.0,0.21573635935783386,0
0.0017884972454366458,1.3477802685042484e-09,69130.0,0.0017803609371185303,1
0.0018296865157590796,4.908758474525474e-09,69130.0,0.001810327172279358,1
0.001786764872884987,1.6029095174515605e-09,69130.0,0.0017799139022827148,1
0.001785164424055168,3.6704538062944663e-09,69131.0,0.0017760545015335083,1
0.0017828176730079672,2.0496989231524847e-12,69130.0,0.001753881573677063,0
3.5094212211714164,0.09188239467578367,63164.0,0.48178695142269135,0
0.3464522591908454,0.07590719067248188,62253.0,0.3955388218164444,0
0.8025109195029951,1.530613750329586e-11,76208.0,0.7841166853904724,0
0.001785889910086264,2.1394579572927326e-09,69129.0,0.0017966926097869873,0
3.2329362478093366,0.07033798186584694,88701.0,0.6065961718559265,0
0.06271882197754751,1.0249747174793569e-09,71752.0,0.07818742096424103,1
0.0017883027497431242,3.902168117366421e-09,69130.0,0.0017907172441482544,0
5.242025645380276,0.03198614858054981,65340.0,0.6954533159732819,0
3.4180712603649663,0.022090103680883377,248770.0,0.6198897063732147,1
0.0018089134559578443,9.071841057969826e-10,69130.0,0.0017895400524139404,1
0.950154717251527,0.03346979071818865,163072.0,0.9068089127540588,0
0.6868963320326014,0.04965263222555757,88761.0,0.8596780300140381,0
88.01941111202336,0.0005816720155214746,29120.0,0.4495929926633835,0
80.69321604568381,0.01353533633462085,234776.0,0.4803585559129715,0
15.952111402048692,0.001911293033184955,150508.0,0.4504318982362747,1
1.3425677740688469,0.08950550282567836,53012.0,0.4330720603466034,1
57.220339901968394,0.0008974633083018538,39520.0,0.4670674800872803,0
0.0018173917664072324,6.3397822339513355e-09,78856.0,0.0017129182815551758,1
2.7231593555616405,0.045477601310866124,192329.0,0.8998594135046005,0
2.8876499297134037,0.020614224920105874,241850.0,0.9036180973052979,1
2.3915839159201458e-05,7.748851064267868e-10,51296.0,4.6759843826293945e-05,1
7.6994810367840865,0.011790468644336052,188864.0,0.5557475239038467,0
0.0018078071143476427,1.3335440963856258e-09,73712.0,0.001823917031288147,1
1.2973929299772495,0.04770317137630778,187887.0,0.7687403410673141,0
0.001809032626195405,2.992834731212568e-09,27355.0,0.0017692744731903076,0
4.431195319004776,0.020138974131709394,303376.0,0.74349445104599,0
0.9379245538959745,0.053602081670288765,109667.0,0.9182472825050354,0
0.8075993745467401,0.03273422615431456,158637.0,0.9029445648193359,1
1.1828570789420072,0.036289242758858455,107129.0,0.8437797129154205,0
0.9302369088374961,0.051991660494227786,121887.0,0.9210740923881531,0
0.0018295999230753582,2.68567578825676e-09,6146.0,0.0010951310396194458,0
0.004067113744698632,2.2507051490619644e-09,35740.0,0.004046350717544556,1
0.0017870852087095183,5.382438072859676e-09,69130.0,0.0017901510000228882,1
10000000.0,0.000328861106481475,25376.0,0.4336986690759659,0
0.29175175788503777,0.023278197564205204,89248.0,0.5105535686016083,1
1.801657822460463,0.030326976716063204,107251.0,0.9106113314628601,0
0.0018027596738005541,1.2713067019055348e-09,79581.0,0.0016326904296875,1
0.7458805824590472,0.05630459532838644,82625.0,0.79403917491436,1
9.10979806138766,0.0073169868869467376,117245.0,0.5951898843050003,0
1.308106212060359,0.042868493754681124,181188.0,0.8591138273477554,0
4.622410763429822,0.007589693161491422,137280.0,0.5093968063592911,0
0.001811641055250539,2.5062567585597897e-09,78780.0,0.0016619563102722168,1
0.044584991888219426,0.02077379233234229,64577.0,0.37742432951927185,1
3.601488608243215,0.041106257442439106,135788.0,0.5668804794549942,1
10000000.0,4.430654401487616e-06,7904.0,0.3780733346939087,1
4.576569234478985,0.013542748094745847,206608.0,0.6920139938592911,0
0.0018032715186125964,9.316273861940367e-10,80177.0,0.001656860113143921,1
10000000.0,0.056682128026361175,128260.0,0.45805858075618744,0
0.08471551204189175,3.7036844894285804e-09,73613.0,0.09909877181053162,1
0.0027252984619018403,6.997115720456442e-09,69614.0,0.0031634867191314697,0
2.0360164469409985,0.044818793129853596,249673.0,0.8465156257152557,0
1.4744769320413944,0.035283531500418894,178869.0,0.8121192455291748,0
1.5414268289606896,0.03263276581270381,209403.0,0.8758029043674469,1
0.0018038210571845396,4.035557753135097e-09,87874.0,0.0017885714769363403,0
6.008313792546027,0.009391308152656647,171272.0,0.36677030473947525,0
4.211976505122627,0.05663330630373289,178719.0,0.6844082623720169,0
0.001839101595051165,6.192053550970678e-09,27736.0,0.0018317252397537231,0
1.1858696138820888,0.0793182776052494,93709.0,0.5289211273193359,0
0.0017754660225548426,2.7448793475883826e-09,78804.0,0.0016241967678070068,1
0.0018025278974959564,2.943783637851058e-09,69129.0,0.0018023103475570679,1
5.6661077220648975e-05,7.900709982109323e-09,69131.0,0.00011463463306427002,1
0.0017917729100677111,2.5670518278107766e-09,69130.0,0.001782432198524475,1
0.0017847464830847647,1.1479466141183124e-10,69130.0,0.0017611533403396606,1
0.0017845599950943418,3.937442149052319e-09,69130.0,0.0018226653337478638,0
0.08072197418001462,9.593759482965141e-09,72679.0,0.10106324777007103,0
4.1347876699914545,0.015315385194141386,252159.0,0.8103550970554352,1
0.0017817455414493263,2.841572541715564e-09,69130.0,0.001784205436706543,1
5.16124686572544e-06,6.9729633826656806e-09,69129.0,9.356439113616943e-05,1
0.0017680292046719124,3.2052301802571503e-09,69130.0,0.0017488598823547363,1
2.4101715035213783e-05,1.2090092956843568e-10,69129.0,3.46451997756958e-05,1
1.900972969520883e-05,4.329205914734407e-09,69131.0,6.853044033050537e-05,1
17.442369395549356,0.04354735187531556,125140.0,0.4487464427947998,0
0.0018003261956281605,3.2896292260879854e-09,87660.0,0.0017661601305007935,1
0.0018279603861249057,2.8995759895489998e-09,69130.0,0.0018225163221359253,1
0.0017891259497623546,7.199373372265114e-09,69130.0,0.0017832368612289429,1
0.0018028362327242025,3.1277213585081887e-09,69130.0,0.0017990320920944214,1
0.001785538598893249,1.7717142482673943e-10,69130.0,0.0017584115266799927,1
0.0017860412838635999,2.5025614913236427e-09,69130.0,0.0018020868301391602,1
0.001783302679611684,1.6538916393229556e-09,69130.0,0.0017667114734649658,1
2.090695656708558,0.02284990262731057,224762.0,0.6279654800891876,1
1.7324772683958733,0.032388093939088695,189888.0,0.5016558319330215,1
0.0018241762708892115,3.019665578845563e-09,69130.0,0.001809448003768921,1
0.0017855556418590816,5.809432397625175e-09,69119.0,0.0018011480569839478,1
3.4333253546166294,0.042192971191821485,156665.0,0.8019794672727585,1
0.0017871577935642305,4.0014770693587e-09,85431.0,0.0017175674438476562,1
0.0017870278791287835,5.207405365353672e-09,69130.0,0.0017945319414138794,1
0.001774549578173598,3.840635042965673e-09,69129.0,0.0017773360013961792,1
2.078332213029741e-05,5.872007637144086e-12,69130.0,2.5972723960876465e-05,1
0.0018144692459400819,3.93032998315033e-09,69128.0,0.0018091201782226562,1
2.0317278383476256e-05,3.885815703743928e-09,69130.0,8.665025234222412e-05,0
0.0018244083592879534,2.9707437821784595e-09,14049.0,0.001801609992980957,0
0.0017828179988872523,1.0580309058201652e-09,69129.0,0.0017632395029067993,1
4.754641120939297e-05,1.0202137251807965e-08,69127.0,0.00011138617992401123,1
0.001787580610629058,5.441929758835478e-09,69130.0,0.0018130987882614136,1
0.001777519380374438,3.1516951842743543e-09,69128.0,0.0017626285552978516,1
0.001783504952000907,2.7372790264242944e-12,69130.0,0.0017541199922561646,1
0.0018114401317543942,5.850868277239493e-11,69130.0,0.0017803311347961426,1
0.001787125594722212,5.677947268251551e-09,69130.0,0.0018007010221481323,1
2.4339608883529237e-05,7.007711476288684e-09,69126.0,9.463727474212646e-05,0
0.0017863315118908602,2.1168215576781598e-10,69130.0,0.0017617344856262207,1
0.0018402866065888618,6.998743278476727e-09,69130.0,0.001850917935371399,1
0.0018183040694254053,7.361602234311947e-09,69130.0,0.0018170028924942017,0
0.17421926714763006,5.510185910420908e-09,77220.0,0.18062954396009445,1
0.009598356201489439,2.8276937413659286e-09,82030.0,0.00874154269695282,1
0.0017923635980076668,3.939614083847161e-09,69130.0,0.001789867877960205,1
0.0017820379993895177,5.825673191250497e-09,69123.0,0.0017903000116348267,0
10000000.0,5.622316814397622e-09,28069.0,0.5286257863044739,0
4.405626025783828e-05,2.3676545239037255e-09,69130.0,7.259845733642578e-05,0
16.229087251300662,0.002350726575275165,88827.0,0.58850958943367,0
0.010947679180839802,4.753466511685267e-09,84974.0,0.012930691242218018,1
0.001774165880009248,3.6483681571306254e-09,69130.0,0.0018002986907958984,1
1.9664904311385063,0.032021905583022,206853.0,0.8064475655555725,0
10000000.0,2.1097422894002426e-12,20143.0,0.5033134818077087,0
77.9729520307369,1.2471703617628984e-05,39845.0,0.5459210872650146,0
0.15025520986958568,6.727518869278138e-08,75442.0,0.16599306464195251,1
0.001862143226083235,5.715766490130325e-09,69131.0,0.0018484145402908325,1
2.005528568988341e-05,2.920158034715762e-09,69130.0,7.750093936920166e-05,0
0.14277121172688725,1.566546184121763e-08,75759.0,0.17425770685076714,0
10000000.0,9.288522678548808e-09,28163.0,0.5285065174102783,0
86.50483906998231,3.007031482126282e-06,35423.0,0.5395009517669678,0
0.010807966895475644,8.539990203820076e-12,82194.0,0.01324811577796936,1
63.96893052284081,0.0053873550622042755,49460.0,0.5618957877159119,0
1.3813117422647239,0.0319308970283155,109967.0,0.7926265597343445,0
0.8034946158679879,0.056651798992986106,94860.0,0.9279657006263733,0
1.044296790399325,0.03978581131759111,171239.0,0.6176379919052124,0
1.7796626629038008,1.4922099110129242e-12,27530.0,0.23456081375479698,0
0.14761118075089116,7.034586868809681e-08,75051.0,0.16519762575626373,0
5.228476317773505,0.032291095800453314,75718.0,0.5951012670993805,1
0.001802725663080585,2.0613050223548057e-09,69130.0,0.001774027943611145,0
93.35128339531137,3.741872662777374e-07,31575.0,0.5342513918876648,0
41.9302042324943,0.0018236689032642213,41058.0,0.49985139071941376,0
0.22396307071074875,1.7816921086085424e-09,80793.0,0.24277272447943687,1
1.0263930686635632,0.06512105495537525,76952.0,0.520460233092308,1
0.5724626793338634,0.05493648312278752,74531.0,0.7104599177837372,1
0.8379404100949358,0.058570821706455084,98773.0,0.8085792809724808,0
0.1339367871924811,3.302482320231071e-08,75642.0,0.15918778162449598,0
96.31087190338995,6.130499042078055e-08,29482.0,0.5304999053478241,0
6.406147414763521,0.02494796778706878,61727.0,0.6602786332368851,0
0.17438441833708287,2.86605779156219e-08,78675.0,0.19486990198493004,1
5.446612372810613,0.011355949802348273,180503.0,0.6577576994895935,1
0.001822763615365775,3.312916326612168e-09,69130.0,0.0018248707056045532,1
10000000.0,2.107178934488755e-05,213179.0,0.39759793877601624,1
0.006025932305983431,7.52800147617689e-09,23563.0,0.0052907466888427734,1
17.412032043615913,0.0019631637526195144,120864.0,0.5200644731521606,1
2.731074359133214,0.013435607242048621,239091.0,0.6222520470619202,1
3.3905626562674342,0.03660885059183424,116441.0,0.8917137086391449,0
0.14380038300532472,3.5135582122715435e-09,77250.0,0.14862700551748276,0
2.7076001678327404,0.06194265946839939,85203.0,0.8001207709312439,1
0.7310809599356082,0.0582621116843779,75700.0,0.5966301262378693,0
5.33533041097136,0.005324559527660096,245697.0,0.5903342217206955,0
3.907751123321475,0.009004919088514989,129792.0,0.5286827236413956,0
0.0017986405399089591,3.300412907016788e-09,79456.0,0.00165519118309021,1
0.001810728520749183,1.1728626897406797e-09,80177.0,0.0016550719738006592,1
11.85956860511464,0.07348751514988938,128171.0,0.7901688814163208,1
0.001784336809870088,4.03113649409225e-09,69130.0,0.0017980337142944336,0
5.158718089378912,0.03419184641923006,63569.0,0.5013056844472885,0
0.00997945941127772,3.2096740633541553e-10,7016.0,0.0029488801956176758,0
1.392534554109898,0.04313647896302321,197760.0,0.9052303433418274,0
0.5431998806224647,0.058023155694404534,73421.0,0.6752074360847473,1
0.0018280002871309076,5.913957881721018e-09,78798.0,0.0016925930976867676,1
5.9107889834958066e-05,8.894822861722112e-09,69131.0,0.00011421740055084229,1
0.001759100478849181,3.305380311545512e-09,69130.0,0.0017538219690322876,1
1.923817819700453e-05,1.014737721339836e-10,69130.0,3.069639205932617e-05,1
0.001226971163727931,5.0387630607781305e-09,69686.0,0.0012745708227157593,0
10000000.0,3.6071735000190946e-05,297256.0,0.5414831638336182,0
2.7636160537435304,0.02002692922468163,228376.0,0.502769947052002,1
0.0017651929686413005,3.0880393668118676e-09,69126.0,0.0017816722393035889,1
0.001745936622355905,3.764584344908462e-09,78782.0,0.001611083745956421,1
0.0017882341056032185,2.8726187795556265e-09,69130.0,0.001772165298461914,1
0.0017853597653316356,1.1411637462601679e-10,69130.0,0.0017607063055038452,1
0.0017862570839100712,3.5837078800214367e-09,69130.0,0.001808077096939087,1
2.831627786276352,0.022511030929013572,224840.0,0.7894973754882812,0
0.0017972457045354264,4.023444490681393e-09,80932.0,0.0017126798629760742,1
0.0017710507893837835,2.9341099554117314e-09,69129.0,0.0017784684896469116,1
0.001773284443495643,6.72972302457687e-09,69125.0,0.0017986595630645752,1
0.0017761587134578376,3.356227355890219e-09,69130.0,0.0017647594213485718,1
0.0017878444556165454,9.597559098264705e-11,69130.0,0.001761108636856079,1
0.001796596769588734,2.663378023553461e-09,69130.0,0.0017843097448349,1
0.0017933551561083315,6.1627945532723e-10,69130.0,0.0017786771059036255,1
10000000.0,4.469288604325307e-11,266240.0,0.3761150985956192,1
0.001783027312240961,4.1247579404046796e-09,69130.0,0.0017750561237335205,1
0.001829176675229759,5.4319965379851305e-09,69130.0,0.001795247197151184,1
0.0017883570121331686,1.4475619914076253e-09,69128.0,0.0017807632684707642,1
0.001787348094799446,2.715103408311019e-09,69130.0,0.0017742812633514404,1
1.603222616500566,0.038204693928222754,192758.0,0.8085242509841919,1
0.0017927247557727706,3.6038426315735264e-09,69129.0,0.0017972290515899658,1
0.0017945965338322805,5.234927258698486e-09,69131.0,0.0017863363027572632,1
0.0017776988830892032,2.2607807977722595e-09,69129.0,0.0017653703689575195,1
0.0017868838557075191,8.813279979504127e-12,69130.0,0.0017580687999725342,1
0.0018170608131875075,4.159091490799356e-09,69127.0,0.001805320382118225,1
0.001783720876277608,1.6325185043122342e-09,69130.0,0.0017854422330856323,1
0.0017850464061636452,3.1592341635812602e-09,69130.0,0.0017861127853393555,0
0.17310773993948791,2.1001528789051322e-08,78735.0,0.1864883303642273,1
0.001804902593079783,3.6636422250831377e-09,78784.0,0.0016248822212219238,1
0.0017886335716514518,5.34466021700293e-09,69132.0,0.0018152594566345215,1
2.11662169840742e-05,3.5332129952170504e-09,69135.0,7.030367851257324e-05,1
0.0017852459148454335,1.3574303542325573e-11,69130.0,0.0017570853233337402,1
0.0018472656683754772,6.953881015881764e-09,69131.0,0.0018633753061294556,1
0.0017880733430141475,2.3921709085133614e-09,69129.0,0.001780390739440918,1
0.0018159975239040124,2.7933734772403324e-09,69132.0,0.001795738935470581,0
0.001785684185622674,1.5096411283988064e-10,69129.0,0.0017599761486053467,0
0.0018040441429634578,3.880128025653331e-09,78811.0,0.0016543865203857422,1
0.0017851456755766492,8.647528771641125e-09,69124.0,0.001811683177947998,1
0.0018114756663854255,3.3171359525083317e-09,69132.0,0.0018037855625152588,1
2.062252339766707e-05,1.1564998385900553e-11,69130.0,2.6866793632507324e-05,1
3.0348730829631955e-05,4.860825115191288e-09,69131.0,0.00010626018047332764,1
1.3235222182074502,0.045996997362359904,163887.0,0.8071236312389374,1
1.260663035175221,0.04990801492912379,185472.0,0.7776551842689514,0
0.001772300626426901,2.208394901419936e-09,69130.0,0.0017534643411636353,0
1.4953713487143883,0.03585079420830704,168569.0,0.8791122287511826,1
1.1439502173359514e-05,3.443108442136553e-09,69133.0,6.443262100219727e-05,1
0.0017868911583376933,9.551484558873009e-12,69130.0,0.0017593204975128174,1
0.0018070161471968268,3.5253056971398497e-09,69130.0,0.001811400055885315,1
0.0017955334774858098,2.2251530543213512e-09,79684.0,0.001621931791305542,0
11.191442424008722,0.00015114687600956792,32322.0,0.4294678717851639,0
5.674353202878188,0.02877419115212813,63889.0,0.680845707654953,0
3.396095837679028,0.04034206277880069,155003.0,0.8532912135124207,1
0.0018342646238461882,3.1503395144970296e-09,69130.0,0.001825079321861267,1
0.001786436318550753,2.9788568967555326e-12,69130.0,0.001757785677909851,1
0.0018219589095547558,4.218266774263323e-09,69132.0,0.0018422901630401611,0
0.0017878628984020924,9.162840997739422e-11,69130.0,0.0017605125904083252,0
3.9439219154714107,0.01805337480539443,283792.0,0.8152107298374176,0
1.4413607149299215,0.03741325758981257,173004.0,0.8906726986169815,1
0.001816384308128364,3.2027870140175757e-09,69130.0,0.001828506588935852,1
0.0017861391921675913,1.827410282720117e-12,69130.0,0.001757010817527771,1
1.5717323873476405,0.07576772404878246,112782.0,0.8042740970849991,1
0.001789601691907878,7.084120980619518e-09,69130.0,0.0017926841974258423,1
0.0018134178428132828,7.323800122795446e-10,69132.0,0.0017973929643630981,0
3.4246566314265774,0.030012120036166528,238029.0,0.7193752229213715,0
3.9122578750003623,0.012546594948479834,131835.0,0.7023200690746307,0
35.437823350053215,0.0005837404710230508,66373.0,0.5768776386976242,1
0.00180995568403164,2.51304922524776e-09,69130.0,0.0017927736043930054,1
1.925825058424083e-05,6.188043131217567e-09,69131.0,9.572505950927734e-05,1
8.665009218667478e-06,9.424978053393066e-10,69131.0,3.643333911895752e-05,0
2.046184821794695,0.02282314310315961,257174.0,0.6798466593027115,0
2.898544159164236,0.013300607762440426,250531.0,0.73594731092453,0
1.4837618731532989,0.03533056714630474,163950.0,0.9002979397773743,1
0.0018131120977331527,2.4983369210928328e-09,69130.0,0.0018087178468704224,1
1.8331482868113986,0.08498998132856934,86547.0,0.6727899461984634,1
5.612244648216791,0.05342780999895108,173361.0,0.48784758150577545,1
0.9044709515711453,0.05797431543779962,90614.0,0.8062378019094467,0
1.6311720024568546,0.031893607603619686,170153.0,0.9099148809909821,1
19.60501096871452,0.000757660628484565,266240.0,0.42401646077632904,1
10000000.0,0.00015590385549307345,19136.0,0.41779403388500214,1
1.1547236615471262e-05,3.3078170151933327e-09,69130.0,8.533895015716553e-05,1
4.862317384981206,0.02660704734148012,235072.0,0.5011985301971436,0
0.15260095036861407,4.069873600235919e-09,77646.0,0.16398588567972183,0
0.2597699843891407,0.07898957109109993,29250.0,0.5377464294433594,1
1.3537199166008356,0.039242482407379785,187976.0,0.7553453594446182,0
5.353793704079346,0.006713749241575814,227669.0,0.6270861476659775,0
0.0018020834184960886,3.756632411753227e-09,85034.0,0.001837030053138733,1
0.9683881019438365,0.06409316557269562,76904.0,0.5247467905282974,0
0.1210444438924417,7.0920046658525655e-09,76024.0,0.12377417087554932,0
5.271318679651282,0.03473674391595288,155589.0,0.5382243692874908,0
14.291489476991673,0.0011111334948681981,283335.0,0.5242737680673599,1
1.1278531602042932,0.05405970027072912,112788.0,0.794953241944313,0
39.763157860559005,0.002116908999802588,42848.0,0.516367107629776,1
0.0017817599508021262,3.4664737343382048e-09,69127.0,0.001768946647644043,1
0.0018185424241498299,4.795502876001608e-09,69135.0,0.0018270611763000488,1
1.9398244043771797,0.07848913279994886,100867.0,0.5014347732067108,0
2.9369070184499226,0.060379475711808316,93771.0,0.7570539861917496,0
76.5497374384676,0.0006361435341985824,37683.0,0.5342220067977905,0
85.14750812118915,0.0009833644521494835,51048.0,0.40680237114429474,0
0.1707284262152517,2.8646856143916032e-09,71813.0,0.19451570510864258,1
0.0018600529692953229,4.712972729526425e-09,79449.0,0.0020343363285064697,1
0.0018194951365343242,1.3421012853064456e-09,79399.0,0.001636117696762085,1
0.001814861879494364,2.671603660882956e-09,69130.0,0.0018054544925689697,1
0.001760530684684228,4.926750342743314e-09,69124.0,0.0017795860767364502,1
0.0017767633355000143,4.0453883811047825e-09,69130.0,0.0017893463373184204,1
0.0017850521867264519,1.2100380912770055e-10,69129.0,0.0017592012882232666,1
0.0018315640071654984,5.422980807995716e-09,69135.0,0.0018262416124343872,0
0.001753066838475711,4.980253166479947e-09,69130.0,0.0017603933811187744,0
3.2532531231965063,0.01509832248875124,227544.0,0.8787073194980621,1
0.0017830812003163743,3.3622385814474334e-09,69129.0,0.0017832666635513306,1
0.0018008605162731426,6.941359142875036e-09,69130.0,0.0018062740564346313,1
0.0017823948785032741,2.541446873488641e-09,69130.0,0.001769229769706726,1
2.198077354431325e-05,1.0199152508967943e-10,69130.0,3.223121166229248e-05,1
0.001787577261391257,3.869526054120836e-09,69130.0,0.0017882287502288818,1
2.191034138431042,0.029026767788280936,213731.0,0.8063740581274033,0
0.0017998594860398672,3.1879053644217974e-09,81821.0,0.0016597956418991089,1
0.001806193971378302,3.3360829723047797e-09,69128.0,0.0017928332090377808,1
0.0017949563501570473,6.507746244619681e-09,69128.0,0.0017919689416885376,1
0.0017635126409933427,3.3636818179390373e-09,69130.0,0.0017502009868621826,1
0.0017819023551337804,9.736690250970912e-11,69129.0,0.0017590075731277466,1
1.724774488523116e-05,3.1544367475093686e-09,69130.0,7.934868335723877e-05,1
0.0017836245627956048,1.0284668554468734e-10,69130.0,0.0017659515142440796,1
8.601616448515816,0.002652624704711141,266240.0,0.45904111862182617,1
0.0017824037584475013,3.5412409771165103e-09,69130.0,0.0017849057912826538,1
0.0018442141951213705,6.547207507859007e-09,69129.0,0.001803770661354065,1
0.001786939162288639,6.16223577418649e-09,69128.0,0.0017999708652496338,1
0.0017780112364006722,2.8347153074649796e-09,69128.0,0.0017807334661483765,1
0.8953046926862287,0.06026222309551631,104113.0,0.8087019175291061,1
0.0017768253455253643,3.03533536606055e-09,69130.0,0.0017650574445724487,1
1.6236092168458302e-05,5.509448292196572e-09,69129.0,8.45789909362793e-05,1
0.0017810342791270966,8.943861616722317e-10,69130.0,0.0017716437578201294,1
0.0018083606906200587,1.1265309152208955e-11,69130.0,0.001776665449142456,1
0.0018041959561092824,3.2843915360721117e-09,69128.0,0.0017822235822677612,1
0.0017849369568690707,1.538154871123336e-09,69129.0,0.0017794221639633179,1
0.0017850516296372737,2.8252478937334605e-09,69127.0,0.001776173710823059,1
1.338955060829152,0.04559024222548373,165255.0,0.808045044541359,1
0.0017937169846663293,4.57150712984272e-09,69127.0,0.001825958490371704,1
0.0017792844319381173,6.7049209801104024e-09,69127.0,0.0017744898796081543,1
0.0017793161310196979,1.9529280584902405e-09,69128.0,0.0017717927694320679,1
0.001785642817903125,8.160751977625416e-12,69130.0,0.0017573386430740356,1
0.0018263193307718917,5.0164298735106276e-09,69130.0,0.0018013864755630493,1
0.0017858270301181235,1.4726816311186862e-09,69128.0,0.0017715543508529663,1
0.0017821996343733335,2.9558731029438314e-09,69129.0,0.0017782151699066162,1
1.7090311625186334,0.03623071543905922,197030.0,0.8081261068582535,1
2.368532892909421e-05,4.027973520460118e-09,26957.0,8.895993232727051e-05,1
2.234444400306171e-05,6.822831704864053e-09,69130.0,9.196996688842773e-05,1
0.0017928162741049714,3.238831547735168e-09,69130.0,0.0017725974321365356,1
0.0017874454910821983,6.5848272472520676e-12,69130.0,0.0017590820789337158,1
0.0018222041198395294,4.9724711444432e-09,69131.0,0.0018199235200881958,1
1.3102908868840534e-05,5.4883851182285126e-09,69130.0,9.848177433013916e-05,1
10000000.0,2.435154095080769e-05,266240.0,0.3888068050146103,1
1.4415926100111869,0.04241775788544231,179859.0,0.8086069226264954,1
0.00010367216386498696,6.0250705702111585e-09,81784.0,0.00018353760242462158,1
0.0018173156669566456,3.3402345777091455e-09,69132.0,0.00180797278881073,1
0.001788292938973542,1.1546313136108924e-11,69130.0,0.0017597377300262451,1
0.001820013490109321,3.377138476234843e-09,69130.0,0.0018388330936431885,1
0.0017985532120281095,2.005223462903483e-09,82471.0,0.0016944855451583862,1
1.9304620231034717,0.035470374758653576,233987.0,0.8068220019340515,1
0.0018033688369035827,6.771066330111673e-09,90663.0,0.0018321424722671509,1
0.0018166408449845194,3.316579965470923e-09,69132.0,0.0018077045679092407,1
0.0017824581781475848,9.142891326702515e-12,69130.0,0.0017545074224472046,1
0.0018193135784830873,3.5396805402579325e-09,69130.0,0.0018109232187271118,0
0.0017854357647627739,1.8060428044341757e-09,69131.0,0.0017778277397155762,0
3.239554473664883,0.018562287859651024,245457.0,0.9084226191043854,0
2.859320605700275,0.03599539592769803,108653.0,0.8113454282283783,0
0.007975879050393386,5.740931677294208e-09,82986.0,0.008874207735061646,1
0.0018188062414884912,3.760350494596265e-09,69132.0,0.0018041431903839111,1
0.0017858300923719993,3.1890396172421975e-12,69130.0,0.0017561763525009155,1
1.5535406652716222,0.07594594846542661,114723.0,0.8058375120162964,1
1.3983985236816727,0.04358814651961824,174670.0,0.8069676905870438,1
0.0018116918873908976,8.477269776144114e-10,69130.0,0.0017917156219482422,1
0.001783638666843667,4.2000823365327814e-11,27471.0,0.0017538070678710938,1
10.639751491616732,0.004172007053255657,221312.0,0.4544256329536438,0
1.169973873209997,0.05346139119321852,119559.0,0.979320228099823,0
89.31139165699862,1.7970554505671424e-05,40682.0,0.5474983155727386,1
1.2652379485976668,0.04733227211621716,144897.0,0.7292772084474564,1
0.0017846058206755027,6.400982225593087e-09,69129.0,0.0017955601215362549,1
0.0017890895511762596,8.495276074154565e-10,69130.0,0.0017630457878112793,1
0.001786935313624959,2.3397329356185853e-11,69130.0,0.0017601698637008667,1
1.5499081375056798,0.03337897891037483,161735.0,0.9079628586769104,0
1.1809943742421976,0.05003106402377983,159508.0,0.8390401154756546,1
1.2366634036851214,0.0514810603703711,183960.0,0.7878482639789581,1
1.497155322021555,0.042599874146722165,183788.0,0.8078828305006027,1
0.9248027336462952,0.051843115212466415,157966.0,0.8086554706096649,1
0.0017850440161195783,3.691185601871513e-11,3883.0,0.0006990879774093628,1
0.0018685297020819406,1.0418417199732032e-08,19752.0,0.0018520057201385498,1
10000000.0,4.371420136792797e-06,3404.0,0.37814371287822723,1
48.40983924842406,0.00019368917175063111,266240.0,0.40426652133464813,1
19.028360489002868,0.003423801491230944,78131.0,0.543611004948616,1
1.2409459320572709,0.05119803637118861,184261.0,0.7848666906356812,1
0.49513397586171537,0.05318264151882383,72983.0,0.8085216730833054,1
2.184410418252981,0.01733718795485244,221582.0,0.6476881504058838,1
13.623484663629787,0.003426911598378426,168849.0,0.4669865667819977,1
0.0018149260630905793,2.9975994668355953e-09,69132.0,0.001814618706703186,1
17.935785833246822,0.003679510237722129,79534.0,0.5465814918279648,1
1.2124578782014421,0.05315716164455383,182456.0,0.7957493960857391,1
0.001777862957840656,5.53828350099255e-09,69131.0,0.001766309142112732,1
0.8914102170955961,0.04528372407128801,153127.0,0.5756142139434814,0
1.173011229926867,0.033367277684811285,203940.0,0.7939113080501556,0
0.16428988913187711,0.014200708052810417,82199.0,0.4094460606575012,1
1.8336783582027418,0.0398662775603679,155843.0,0.7909551560878754,1
0.0018207998859233563,2.7633884268800953e-09,69130.0,0.0018108934164047241,1
0.9312840280729726,0.059694321641372186,97938.0,0.8089428842067719,1
0.012674029297787676,4.268373741660018e-09,59954.0,0.013679832220077515,0
10000000.0,2.850522563813373e-05,37114.0,0.5000586211681366,1
40.57574840314462,0.0006275804311803029,203840.0,0.4118130952119827,1
0.0017860142211509114,1.4177438540512385e-09,69130.0,0.0017734915018081665,1
0.0018057573214240654,2.905953359770067e-09,69130.0,0.0018055588006973267,1
1.0686244734677712,0.056676788060039146,113057.0,0.8088781535625458,1
0.0018114816737735562,2.8657759917083237e-09,69130.0,0.0018042027950286865,1
0.0017789056593107194,6.029055082956715e-09,69124.0,0.0018035173416137695,1
1.4008193215056261e-05,1.9615789055895144e-09,69130.0,6.258487701416016e-05,1
0.00178420640177214,1.0835272782195007e-10,69130.0,0.0017578452825546265,1
0.0018486219487912803,1.1263565085936867e-08,69133.0,0.0018615126609802246,0
0.0017453935937676254,5.865827501068272e-09,69130.0,0.0017666816711425781,0
4.1900658508639035,0.014910802137892587,230792.0,0.6423522531986237,0
1.8833641242248598e-05,5.26117934041818e-10,69130.0,3.929436206817627e-05,1
0.0017721040646694523,2.683494579181358e-09,69123.0,0.0017467141151428223,1
0.0017581716206669432,7.3939461161687564e-09,69128.0,0.0017885714769363403,1
0.0017844563663998777,2.274453091696099e-09,69130.0,0.0017710626125335693,1
0.0017877163842820868,9.839199506917452e-11,69130.0,0.0017627477645874023,1
0.0017987242875274283,7.326235970326859e-09,69131.0,0.0018223673105239868,1
2.263382906084645,0.02672938562000611,214503.0,0.8079597800970078,0
0.002296059227954421,3.774686488140887e-09,69376.0,0.002536952495574951,1
0.0018214458292854212,3.037882061295415e-09,69130.0,0.0018057376146316528,1
0.0017979336923657795,6.344469092231782e-09,69130.0,0.0017883330583572388,1
0.0017969452079973415,2.590128475840447e-09,69130.0,0.0017891079187393188,1
2.2593167929605563e-05,1.3887867406132382e-10,69130.0,3.33935022354126e-05,1
0.0018300551735992946,3.235417177525939e-09,69134.0,0.0018541216850280762,1
1.42377538994899,0.042781034293693385,177818.0,0.8082999289035797,1
1.1883323917561497,0.03590614010848418,176521.0,0.7509192079305649,1
1.5841088737560098,0.03468332748907342,187275.0,0.8088975250720978,1
0.001876364828235266,7.2027918571392104e-09,69132.0,0.001847878098487854,1
0.0017876994614678173,1.5088823684137137e-09,69130.0,0.0017734616994857788,1
0.0018097686762180015,3.014676801937622e-09,69130.0,0.0018227547407150269,1
0.3786454703466626,0.04872034201219735,71522.0,0.8084833025932312,1
0.0018139762709659085,2.74903248990353e-09,69130.0,0.0018023848533630371,1
0.0017866566486260047,5.586321357420602e-09,69130.0,0.001788988709449768,1
0.00181184464428873,9.503394235943096e-10,69130.0,0.0017997771501541138,1
0.001785587031203057,3.615367020652142e-11,69130.0,0.0017595887184143066,1
0.0018413337159149299,4.676136323784653e-09,69131.0,0.0018409490585327148,1
0.0017846517137597216,1.134094189741122e-09,69129.0,0.0017652958631515503,1
0.001823796867456031,3.7964447199528024e-09,69130.0,0.0018394887447357178,1
0.0017906429749350947,3.744520038199221e-09,69130.0,0.001800835132598877,1
1.3791240030869013e-05,2.868239779452792e-09,69132.0,6.404519081115723e-05,1
0.0017813614710879527,7.135422561810884e-09,69131.0,0.0018194317817687988,1
0.0018084222968725735,9.375583067175781e-10,69130.0,0.001786351203918457,1
0.0017868177225936238,3.324990617349398e-11,69130.0,0.001757204532623291,1
0.0018537075032321352,4.431833600022274e-09,69132.0,0.0018374770879745483,1
0.001783615699448801,1.5972952381274219e-09,69129.0,0.0017642378807067871,1
0.0018062225632727103,2.939446960898936e-09,69131.0,0.0018073469400405884,1
0.4694595632866924,0.05282493961029092,73018.0,0.8085207492113113,1
0.0018214600649522645,3.72704071600949e-09,69131.0,0.0018184483051300049,1
0.0017996462879125146,5.263871451360832e-09,69130.0,0.0017847716808319092,1
1.0946513098587445e-05,3.4302355374337606e-09,69130.0,6.510317325592041e-05,1
0.0017841095633399776,2.7088055407160785e-11,69130.0,0.0017572343349456787,1
0.0018242039939344516,2.3409373303233965e-09,69132.0,0.0018132328987121582,1
1.4405316417782157,0.042877613900069056,137030.0,0.7105042785406113,1
1.3959239901992777,0.04247500133714236,193674.0,0.7385737746953964,1
1.8894346340986565,0.034132208664161744,211006.0,0.8087318688631058,1
0.0018219132293442566,3.395418821045956e-09,69131.0,0.0018294453620910645,1
0.0017789391495597838,5.499278940983486e-09,69130.0,0.0017727762460708618,1
0.0018105495398584423,3.6769150309373802e-09,69131.0,0.001799255609512329,1
0.001786296549830339,1.3421047853176328e-11,69130.0,0.0017586052417755127,1
0.0018246902520732183,4.4677642242595174e-09,69130.0,0.0018236041069030762,1
0.001805338624224522,2.0753151707503856e-09,78866.0,0.0016262829303741455,1
1.870529584308528,0.033170595320030916,205017.0,0.8078015446662903,1
4.0816717748875915,0.008406042475183683,266240.0,0.5236821323633194,1
0.0017839840409009326,9.551871803579903e-09,69125.0,0.0018259882926940918,1
0.0017815193628633198,3.333227940270168e-09,69130.0,0.001772075891494751,1
0.0018078115788898205,2.12962119996173e-12,69130.0,0.0017732679843902588,1
0.0017943254292174743,3.0595888725789605e-09,69129.0,0.001785874366760254,0
7.850467918249495,0.003010640855936947,269886.0,0.5678348541259766,0
2.1686550771175463,0.029047595580153972,238367.0,0.8423765748739243,1
0.0018634134867045612,6.90869092970924e-09,69134.0,0.00183810293674469,1
1.2010701794122216,0.051461561850844564,137512.0,0.8084090948104858,1
0.0018104699847589427,2.9975599325697934e-09,69130.0,0.0018105357885360718,1
0.001785122226788675,5.553132156783114e-12,69130.0,0.001756712794303894,1
2.494578604635329,0.06457613240228825,102321.0,0.6421094089746475,1
0.014423239054357986,3.0128966932215936e-09,89938.0,0.013927370309829712,1
0.0018147985919136323,8.213352238890862e-12,69130.0,0.0017819255590438843,0
86.6209437628033,0.00010492659174205017,51155.0,0.5618366897106171,0
0.13291257073942356,1.5999087533107076e-08,76634.0,0.13767480105161667,1
1.6502461996226712,0.06368087041598784,146972.0,0.8072695732116699,1
2.7866042360476815,0.022290213645351293,224757.0,0.7813860923051834,1
0.6715926953231449,0.05750129478024411,75935.0,0.6185033172369003,1
0.0017850011059264907,2.085332871477157e-11,69130.0,0.001756817102432251,1
1.224283560805897,0.05235548291688165,183358.0,0.7892407476902008,0
0.10458856771017747,6.365600636587889e-11,75085.0,0.11170293390750885,0
30.27543509417525,0.0031868795632441754,46375.0,0.538642019033432,0
18.134530896602673,0.005921444904006617,44577.0,0.5180367231369019,1
0.0018180994352432033,4.664417863476443e-09,80221.0,0.0017395317554473877,1
0.9335497760666499,0.0663982259278336,79230.0,0.49603646993637085,1
1.4090697608271174,0.04646483070952087,146782.0,0.8089513033628464,1
0.001865928952857939,7.2031172336427054e-09,69131.0,0.0018550455570220947,1
5.767395471764369,0.010755495342070702,173301.0,0.6507272124290466,1
8.647547418093344,0.002632058981174379,266240.0,0.45986631512641907,1
18.42199668954946,0.0035444677266185764,79460.0,0.5449499189853668,1
0.9063422342901266,0.03932769390824024,86998.0,0.714828610420227,1
6.404874269078516,0.00417366344809494,266240.0,0.4821387082338333,1
12.322590932750087,0.005190962237910968,97791.0,0.5693482011556625,1
0.0018859772784324603,1.0767868152622523e-08,69131.0,0.0018650144338607788,1
0.0017876103801931634,1.4674904957927092e-09,69130.0,0.0017681866884231567,1
0.001812531684469251,2.235508412876734e-09,69130.0,0.0018066614866256714,1
1.869305314997934,0.03914601356154617,63191.0,0.7951592057943344,0
0.003235920027961946,3.0011448711193704e-09,55204.0,0.003216952085494995,0
6.978227241899206,0.019388761681869662,100672.0,0.5580875128507614,0
1.2854187924059888,0.037459391343842616,126184.0,0.8619204759597778,1
1.1286617246809447,0.03891345997009933,143500.0,0.5614195019006729,1
0.0017842267021740486,3.772913080007965e-10,69130.0,0.001762107014656067,1
0.0017922104713649061,2.1724855393716064e-09,69130.0,0.0017943978309631348,1
2.052065020557695,0.03079222522695555,209887.0,0.8085234016180038,0
0.2393020339948369,3.15128933131215e-08,78996.0,0.2469009943306446,0
9.944618440281493,0.014342486165460603,55286.0,0.49998435378074646,0
10000000.0,1.6152155525424354e-05,37920.0,0.5482172667980194,1
2.312150169279493,0.04195631558722212,210601.0,0.6429629921913147,1
0.0017894393265355457,4.0853891254884133e-10,69130.0,0.0017641931772232056,1
2.3665535197855717e-05,3.275867978922896e-09,69129.0,6.860494613647461e-05,0
1.4801671635494529,0.04473262022563061,149286.0,0.9737284183502197,1
0.0017973536731899207,6.686124707793425e-10,69130.0,0.00178566575050354,1
0.001752344438144978,8.720327924469756e-09,69127.0,0.0017575770616531372,1
0.0017994185766117598,1.8116683411131806e-09,69130.0,0.0017857551574707031,1
0.0017868128221637935,1.0375311684894767e-10,69130.0,0.001760333776473999,1
0.0018345388478563291,5.69474577015009e-09,69130.0,0.0018120557069778442,0
3.190058464663303e-05,8.488329517302678e-09,69130.0,0.00011511147022247314,0
3.3917190597229396,0.015238546840448671,216153.0,0.5000135004520416,1
0.0018040960578728656,3.1903072463130507e-09,69130.0,0.0017850548028945923,1
0.0017677695941147504,6.7708834958921855e-09,69127.0,0.0017895400524139404,1
0.001788392931349181,2.432404176387837e-09,69130.0,0.0017817318439483643,1
0.0017850774080307432,9.841560444401696e-11,69130.0,0.001757591962814331,1
2.0549020058490316e-05,4.173771636953576e-09,69134.0,7.672607898712158e-05,1
0.0018068882169290264,3.001876442277688e-09,90539.0,0.0018105804920196533,1
1.832719471149206,0.029918447074003228,206698.0,0.8089623153209686,1
0.0017752678910218894,3.3015622659117606e-09,69129.0,0.001776367425918579,1
2.807306794281278e-05,4.025512871872656e-09,69129.0,7.869303226470947e-05,1
0.0017615269691847442,2.6903119975067434e-09,69130.0,0.0017568618059158325,1
0.0017849944408679117,9.0585875259024e-11,69130.0,0.0017575621604919434,1
0.001815537417111292,8.448686793823607e-09,69132.0,0.00183086097240448,1
8.287430298868516e-05,1.2666137944771495e-08,69127.0,0.00013434886932373047,1
25.80869621681347,0.0004997876590704037,266240.0,0.4161146581172943,1
0.0017784194163387814,4.251451452332647e-09,69128.0,0.0017861127853393555,1
3.456004315774418e-05,6.960788066802875e-09,69130.0,9.28044319152832e-05,1
0.0017892673677303958,6.042352878740399e-09,69128.0,0.0018049925565719604,1
0.0017831365134528107,2.3724649524509223e-09,69130.0,0.0017686337232589722,1
0.0017976340497979945,5.9112637460765084e-12,69130.0,0.0017653703689575195,1
0.0017798003470806797,3.4530623388437427e-09,69128.0,0.0017728358507156372,1
0.0018088844130368998,6.811527398233366e-09,69132.0,0.0018318593502044678,1
0.0017798219471829315,9.410973395243225e-10,69129.0,0.0017646700143814087,1
0.001786262071450306,2.533573812690196e-11,69130.0,0.0017565786838531494,1
0.0018261792738349634,4.728213148944289e-09,69130.0,0.0018042027950286865,1
0.0018262577981005828,6.15308009382386e-09,69130.0,0.001857459545135498,1
0.0017844071411019812,3.389139159194175e-09,69129.0,0.0017805397510528564,1
0.00174737509241364,5.898261334898976e-09,69131.0,0.0017344653606414795,1
0.0017881163581134991,3.107006967042585e-09,69130.0,0.0017787963151931763,1
0.0017853423402918048,5.3403898595326705e-09,69129.0,0.0017885416746139526,1
0.001780441666205536,9.099592854802455e-10,69130.0,0.001771286129951477,1
0.0017841839448467312,2.5360436422636382e-11,69130.0,0.0017559230327606201,1
0.0018157646291255083,4.511485775578948e-09,69130.0,0.0017995685338974,1
0.0017829270595789582,1.5012024684692518e-09,69127.0,0.001769527792930603,1
0.0017795218087405288,2.3648970446194675e-09,69129.0,0.0017653852701187134,1
3.164002896610181e-05,2.6859249160472978e-09,69130.0,7.350742816925049e-05,1
0.0018112102002634106,4.48259906855751e-09,69130.0,0.0017994940280914307,1
0.0017848364419179674,6.314670244929235e-09,69129.0,0.0018055588006973267,1
2.561384347093342e-05,1.0058262210241052e-09,69129.0,4.8220157623291016e-05,1
0.0017865550201799508,2.0501001736633044e-11,69130.0,0.0017595887184143066,1
0.0018259030128065896,4.822562095152864e-09,69130.0,0.0018037855625152588,1
0.13079834942170068,0.030947594673971613,69306.0,0.806585431098938,1
2.4706285840050803,0.01780373990058874,237108.0,0.5940952599048615,1
0.0017830797568956134,3.6246421130091178e-12,69130.0,0.0017523765563964844,1
0.0017934963160658006,4.187815548804328e-09,69126.0,0.0018265843391418457,1
0.0017861744061531946,6.174788175637708e-09,69131.0,0.0017929524183273315,1
0.0017712791327380505,1.7894740585655207e-09,69129.0,0.0017673671245574951,1
2.3073513465416934e-05,8.425969022085654e-12,69130.0,3.0174851417541504e-05,1
2.0920296323976363e-05,4.875783526185175e-09,69129.0,8.040666580200195e-05,1
1.640822104125402,0.0358903498078212,175119.0,0.7227820605039597,1
0.0018024529066952572,5.100025493657702e-13,80407.0,0.0016246438026428223,1
0.0018263957683636745,5.0003518165394695e-09,69130.0,0.0018436908721923828,1
0.0017872770962297313,7.232826948703486e-09,69130.0,0.0017989575862884521,1
0.0018135294117782449,3.7069965186674417e-09,69135.0,0.0017946064472198486,1
0.0017883817858549086,1.5694187400339137e-11,69130.0,0.001759558916091919,1
3.5287809178797795e-05,4.7551433547004576e-09,69130.0,9.433925151824951e-05,0
0.18100337079387344,2.9282153050918108e-08,78892.0,0.18974333256483078,0
0.0017862223850496402,4.1013654854345486e-10,69130.0,0.0017591863870620728,0
0.03542466263482989,4.168448151694168e-09,71333.0,0.03973977267742157,0
0.1933300273216897,2.413546807716725e-09,79705.0,0.21407406218349934,0
0.0017858800932110844,4.956045883640566e-10,69130.0,0.0017731338739395142,1
0.00178257062713398,3.4120846341573107e-09,69130.0,0.0017796903848648071,1
0.0017861552797291571,2.498790909541675e-12,69130.0,0.0017571598291397095,0
7.499635628428809,0.020827459639256675,94143.0,0.5752394497394562,0
0.009572762473623484,3.0104550938026674e-09,82282.0,0.010374784469604492,1
0.001786009761798029,1.192094527460519e-11,69130.0,0.0017574429512023926,1
1.5895239570554796,0.07716778827006598,103508.0,0.8088274598121643,0
15.405551737936547,0.0005110833426708333,202640.0,0.48323775827884674,0
97.17525086621123,5.506586472148129e-06,36378.0,0.541150689125061,0
2.2600713990211805,0.024936765098522634,223958.0,0.9052874743938446,1
0.0018059017190253158,3.207549020221086e-09,69132.0,0.0018188059329986572,1
0.0017841861620586444,2.7219787413313592e-11,69130.0,0.0017559826374053955,1
0.0018087115337584378,2.6171998156376877e-09,69132.0,0.0018062591552734375,0
1.7789673232935101,0.040291563265049735,198191.0,0.9183530211448669,0
5.28648321394757,0.031576192118157605,65305.0,0.6970725208520889,0
9.147994457450615,0.03722981168678464,53634.0,0.5216826945543289,0
2.228552560683564,0.025358438769951537,224178.0,0.9034381806850433,1
0.0018169615770775992,8.095598860461024e-10,69130.0,0.001802191138267517,1
0.3077349821562059,0.04232340222700289,75724.0,0.5017261654138565,1
5.405664209024735e-05,5.443060432374894e-09,69132.0,8.954107761383057e-05,1
6.209519505240831,0.010058129015603752,163148.0,0.6399574428796768,1
4.24750401378867,0.007892355247055269,266240.0,0.5194828808307648,0
3.9569783038783544,0.04548633632524597,70549.0,0.7664368003606796,0
1.8683111523529676,0.030981209031123634,226691.0,0.8783755451440811,1
1.1104691987716386,0.05429083220392983,129630.0,0.7354840934276581,1
0.0018610252898273174,1.005475850263848e-08,69131.0,0.001828119158744812,1
1.5629194285915873e-05,1.4746284118938528e-09,69130.0,5.154311656951904e-05,1
1.920099764944187,0.025981444997710473,218355.0,0.6446435749530792,0
7.6548265942410785,0.01925880450206839,188531.0,0.7584938108921051,0
2.3977160233845027,0.02288203092934648,251998.0,0.9058379828929901,0
0.9404029769242399,0.038919069924311885,114192.0,0.673162966966629,0
4.129311925861161,0.0675211553879163,91717.0,0.5296547710895538,1
0.3390742320013827,0.03901797293615684,79570.0,0.48139694333076477,1
0.0017884230325495214,1.5263305547883827e-09,69130.0,0.00176943838596344,1
0.0017822845889506386,2.3461377772542616e-09,69130.0,0.001781657338142395,0
0.21170080521841228,8.455320224766168e-09,70952.0,0.23382986336946487,0
2.7650293425086128,0.030856106600243075,259976.0,0.6840051412582397,0
10000000.0,2.405557390788636e-05,37057.0,0.500042274594307,1
0.5605269943968981,0.05251871600448763,84954.0,0.5164980888366699,1
0.0017777944181349657,3.817390963343074e-09,69127.0,0.0017845630645751953,1
0.0018141456273323541,2.735006476116584e-09,69130.0,0.0018085092306137085,0
0.001810692417779217,1.5519758831566065e-09,80975.0,0.001680821180343628,1
0.0017793121455045506,7.485536191860231e-09,69128.0,0.0017828643321990967,1
0.0018064457606348572,1.2759998783278827e-09,69130.0,0.0017860382795333862,1
0.0017859729302019739,9.08227111863563e-11,69130.0,0.0017600208520889282,1
0.0018670048328062914,1.0465739742573946e-08,69133.0,0.0018445253372192383,0
0.0018049608641965706,9.377893041961304e-09,69133.0,0.0018179714679718018,0
2.498038690276557,0.02007464089231423,249742.0,0.8972605168819427,1
0.0017647615821739767,6.516936043729763e-09,69125.0,0.0017790347337722778,1
1.099223018764774e-05,2.442022031972698e-09,69130.0,5.294382572174072e-05,1
0.0017836083310589495,9.996536488297005e-11,69130.0,0.0017586201429367065,1
0.001839937346116902,7.121325387359825e-09,69132.0,0.0018263757228851318,1
0.0018079888191914804,1.2845256290624124e-09,83975.0,0.001696273684501648,1
3.498657809037684,0.017228481270003555,229309.0,0.7383082956075668,1
2.1893614443866543e-05,3.110806782843936e-09,69130.0,7.453560829162598e-05,1
0.0017787401410768525,6.7612445129640794e-09,69130.0,0.0017915517091751099,1
0.0017716071195909633,1.820300312200801e-09,69130.0,0.0017585158348083496,1
2.01596190182478e-05,8.410864338048864e-11,69130.0,3.097951412200928e-05,1
0.0018143039738343543,3.769762080122732e-09,69131.0,0.0018189549446105957,1
0.0018084508243457313,2.6877336993447718e-09,69130.0,0.001798391342163086,1
5.542846948479463,0.005213787409205485,266240.0,0.49114400148391724,1
0.0017813968001768226,4.008190504423438e-09,69130.0,0.0017942041158676147,1
0.0018184783243258248,4.923595713937534e-09,69130.0,0.0018057674169540405,1
0.0018003865484075504,2.944287237228126e-09,69129.0,0.0017859935760498047,1
1.9110447309036296e-05,2.826699617249651e-09,69127.0,6.933510303497314e-05,1
0.0018079548552566076,9.051540207172734e-12,69130.0,0.001773729920387268,1
1.950526711098283e-05,3.2136641156383908e-09,69130.0,6.58184289932251e-05,1
6.091641353235451e-06,8.493824316549283e-09,69130.0,8.52048397064209e-05,1
0.0017727940822614692,2.0459160060835667e-09,69129.0,0.0017472505569458008,1
0.001784770910858271,3.615743632476633e-11,69130.0,0.0017555803060531616,1
0.0018208633050263998,5.162153476281622e-09,69130.0,0.001797601580619812,1
1.6935430287270068e-05,1.4863866124527132e-09,69130.0,4.86522912979126e-05,1
2.1870407435454467e-05,3.2152066177680884e-09,69130.0,7.683038711547852e-05,1
0.0017765551260041145,4.197473309744901e-09,69130.0,0.0017533749341964722,1
2.3146981483241446e-05,3.2752417015733973e-09,69130.0,6.699562072753906e-05,1
0.0017877510848549882,6.541965505009334e-09,69130.0,0.0018003880977630615,1
0.001779511912126908,9.45733438724291e-10,69130.0,0.0017720460891723633,1
0.0017861191641263669,2.7907378023771063e-11,69130.0,0.0017578303813934326,1
0.0018456244319647885,6.446940345137034e-09,69130.0,0.0018223077058792114,1
0.0017866405919575957,1.587040892324934e-09,69130.0,0.0017670989036560059,1
2.0884103675851106e-05,2.8611256836533902e-09,69130.0,6.888806819915771e-05,1
2.547440999068639e-05,4.2380669493417655e-09,69130.0,8.365511894226074e-05,1
0.0017880826921036982,2.7864889440164352e-09,69130.0,0.0017750561237335205,1
0.0017848171074525715,6.167148621902718e-09,69130.0,0.0018009692430496216,1
0.001783728292004493,8.607748330359018e-10,69130.0,0.0017652809619903564,1
2.3057253890317075e-05,2.5832456197835775e-11,69130.0,3.185868263244629e-05,1
0.0018199270254184168,5.010073049466534e-09,69130.0,0.0018080472946166992,1
0.001785292097251866,1.4501645284885109e-09,69130.0,0.0017805695533752441,1
5.444656574412403,0.0053607802457931765,266240.0,0.4928234815597534,1
0.0017831644836907115,4.350385543029745e-13,69130.0,0.0017531514167785645,1
1.8697329615232533e-05,2.947479877468014e-09,69129.0,7.623434066772461e-05,1
0.0017816301179844661,5.84135753924964e-09,69128.0,0.0018099397420883179,1
0.001780356610874283,9.383976722922225e-10,69130.0,0.0017700344324111938,1
0.0017885000631947588,2.2867475562442773e-11,69130.0,0.001760244369506836,1
0.001812540082238266,3.897949543284971e-09,69131.0,0.001795455813407898,1
1.6290958925022336,0.04203186728551608,153448.0,0.807681605219841,1
0.0018139530672202863,2.6071980811919536e-09,81896.0,0.0016945749521255493,1
0.0018245154381818307,3.857432306947377e-09,69130.0,0.0018126219511032104,1
0.0017842162696401077,6.628675976452965e-09,69130.0,0.0018026530742645264,1
0.0018126685795756487,3.7124599201525895e-09,69131.0,0.0018166601657867432,1
2.1259273141291338e-05,1.9227271629241364e-11,69130.0,2.8833746910095215e-05,1
0.001850828244212057,5.290322756836581e-09,69133.0,0.001828804612159729,0
2.921591348258069,0.011912224241441194,264881.0,0.7505101263523102,0
3.0596411981856093,0.019672356403111987,246008.0,0.9044466912746429,1
0.001799476107809042,4.431061399452776e-09,69129.0,0.0018189549446105957,1
1.624924314307513e-05,6.4777759504053035e-09,69128.0,8.086860179901123e-05,1
0.001779698551382328,3.2470255412170636e-09,69130.0,0.0017717927694320679,1
0.0017834782147205183,6.6216107434178756e-12,69130.0,0.0017550289630889893,0
2.9562025011442645,0.021118474172685604,247477.0,0.8970295339822769,0
0.010073076274695848,4.00563358198978e-09,82476.0,0.012513697147369385,0
2.3608785611129095,0.023246574139882882,209333.0,0.8695199489593506,0
10000000.0,0.0023520626469702736,36859.0,0.5192213952541351,0
1.7369608923812658,0.07784843107176617,96260.0,0.8072533905506134,1
0.9262308774807417,0.041857424449653145,59664.0,0.6614881847053766,0
0.17352375166957992,6.552584649136812e-09,78730.0,0.1839916631579399,0
1.583636747075931,0.08081882805785696,94213.0,0.7888201773166656,0
1.5450048245910573,0.06526463862827794,87922.0,0.6232893764972687,0
0.9237638183648136,0.05275674861914024,118647.0,0.9279280602931976,0
0.6975290935770612,4.431777325285908e-09,126809.0,0.6971554458141327,0
10000000.0,1.132136629751153e-12,26492.0,0.5422199666500092,0
1.6803953182166396,0.0806460920876507,100641.0,0.8464851677417755,0
17.192138232720694,0.0042034016781563165,114400.0,0.4492245018482208,0
1.5346260349701137,0.0373662432440289,219890.0,0.8098438382148743,0
1.2033863017845816,0.05831164504166169,138756.0,0.9034130573272705,0
0.5952679842358376,0.060262549681430626,87647.0,0.926311731338501,0
0.9693452850791994,6.8186120802942e-08,99933.0,0.8119587898254395,0
0.23820677445964375,1.6748400460951833e-08,69636.0,0.26233378052711487,0
0.5761747915241396,1.2096557104955128e-12,108706.0,0.5691739059984684,0
1.0979093841877166,0.05536140660369103,132098.0,0.9245284497737885,0
2.5084785905776243,0.034263796007210405,211462.0,0.8578777313232422,0
1.179548456337468,0.051034900531461536,117727.0,0.49187104403972626,0
2.192894798880039,0.04466979280184079,148714.0,0.8671531826257706,0
0.4700964985342478,0.04568450371928569,95765.0,0.548794761300087,0
0.5305211046972579,3.2298487268768444e-13,69061.0,0.5318242479115725,0
0.5676837191379454,1.1182481698367545e-12,115715.0,0.565013175830245,0
2.7268069516444715,0.03538008678192049,195955.0,0.8216159641742706,0
26.598428332165433,0.07958436999626223,90976.0,0.5210741609334946,0
0.9419887720009898,0.043129017350902805,125993.0,0.5953879952430725,0
2.4569404223864035,0.0,3.0,0.0021181702613830566,0
32.989344859010274,8.712148259729258e-05,2885.0,0.11831146478652954,0
0.8489217586231895,2.5625133252973254e-12,32122.0,0.6307870540767908,0
0.14163895240348975,2.623574026903834e-09,76472.0,0.16424182057380676,0
3.5373668481631744,0.03874499527430162,154628.0,1.1698862314224243,0
48.56927831377046,0.059704235853093715,169671.0,0.9725660085678101,1
1.3071701566923135,0.05704927909737423,124883.0,0.8063191175460815,1
3.1739634263032465e-05,6.9940399331833875e-09,69124.0,0.00010696053504943848,1
0.0017741622802304982,1.000065633811624e-09,69129.0,0.001765027642250061,1
0.0017842265176777404,3.425676123077136e-11,69130.0,0.001757115125656128,1
0.0018067276207469193,3.829147870739928e-09,69129.0,0.0018031150102615356,0
0.1911661089896933,0.0018214073035178668,72626.0,0.2165660858154297,0
4.432530502789237,0.013943673634644821,256289.0,0.8763035833835602,0
0.0017873154289722805,4.8971751475764e-10,69130.0,0.0017669200897216797,1
0.001781353644197044,3.07021894418901e-09,69129.0,0.001774221658706665,1
0.0017790106226112626,6.8715632343207435e-09,69129.0,0.0017962902784347534,1
3.3950771151426344e-05,1.7344928140700986e-09,69130.0,7.146596908569336e-05,1
0.001787131191662945,4.033044600909039e-11,69130.0,0.0017591267824172974,1
0.0018360625300959125,1.0461109887073851e-08,69130.0,0.0018233656883239746,1
2.1444733702450622,0.02745268166381331,202046.0,0.5016315877437592,0
0.0018011816128908247,2.628791821009937e-09,78818.0,0.0016317665576934814,1
0.0017861166878115878,2.6001255015526867e-09,90540.0,0.00179387629032135,1
1.6429136728425607e-05,7.0993163998425705e-09,69129.0,9.393692016601562e-05,1
0.0017550284873635849,3.897553134033448e-09,69130.0,0.0017622113227844238,1
0.0017915627005358622,4.375422826035168e-11,69130.0,0.0017623603343963623,1
0.0018286869480076615,8.361601567003088e-09,69130.0,0.0018362551927566528,1
6.317366061164622e-05,7.956950008897497e-09,69134.0,0.00011986494064331055,1
47.075038757755905,0.00020914435820667567,266240.0,0.40521928668022156,1
0.0017854969560721213,3.9540865089639136e-09,69132.0,0.0017810165882110596,1
0.0018175189578569673,8.690963598279509e-09,69131.0,0.0017984509468078613,1
0.0017856796606602072,3.928062510458727e-10,69129.0,0.0017686933279037476,1
0.0017821113276990216,2.774994141785212e-09,69130.0,0.001779809594154358,1
0.0017857333500099597,4.414852691889828e-09,69130.0,0.001788705587387085,1
0.0017899724890861261,2.1621519903413237e-09,69130.0,0.001787722110748291,1
0.0018018048278619638,8.14491849660907e-09,69130.0,0.0018032938241958618,1
0.001786553504806931,1.083926721310396e-09,69130.0,0.0017724186182022095,1
0.0017828642486057134,3.849077581372992e-11,69130.0,0.0017562061548233032,1
0.0018527280526742002,1.3543004542387394e-08,69130.0,0.001827150583267212,1
0.0017838599612890087,3.841826173215043e-10,69129.0,0.0017629563808441162,1
0.0017859804001092486,2.8129785743397067e-09,69131.0,0.0017855316400527954,1
0.00178484257678629,8.694787551667595e-12,69130.0,0.0017552971839904785,1
0.0017875589719864166,3.2093830210710353e-09,69129.0,0.001776382327079773,1
0.0017860968073334835,6.574650607932674e-09,69127.0,0.0017811059951782227,1
0.0017779680759878397,9.194856629194397e-10,69129.0,0.0017707794904708862,1
0.0017869299553977603,3.263211191909828e-11,69130.0,0.0017592459917068481,1
0.0018283041651507934,6.678100743923927e-09,69130.0,0.001803174614906311,1
0.0017836274299560097,1.5474179108223677e-09,69130.0,0.0017695128917694092,1
0.6475557350061385,0.05696689134366464,75973.0,0.7904717773199081,1
0.0017863133313007985,5.194973016256987e-09,69132.0,0.0017662197351455688,1
0.0017875602510530806,3.1728006546688678e-09,69130.0,0.0017895251512527466,1
0.0017829104676081538,6.438073281110548e-09,69128.0,0.0017830729484558105,1
0.0017787189000951112,7.740336020460574e-10,69130.0,0.0017635077238082886,1
0.00178829406597017,2.7182442832279652e-11,69130.0,0.0017609894275665283,1
1.650638424143562e-05,4.142224740836492e-09,69128.0,7.65770673751831e-05,1
0.0017863168159756183,1.4847727703446342e-09,69130.0,0.0017670243978500366,1
0.8811298021668279,0.07046476293315984,67780.0,0.45232075452804565,1
0.001760424661491693,4.50167919655233e-09,69130.0,0.0017533600330352783,1
0.0017873241460115651,3.1785635096820644e-09,69130.0,0.0017838627099990845,1
1.2994521715016552e-05,6.4817942052779784e-09,69130.0,0.00010262429714202881,1
2.5671569840483802e-05,8.32007211972436e-10,69130.0,4.999339580535889e-05,1
2.0842420947476466e-05,2.4437382989000162e-11,69130.0,2.8386712074279785e-05,1
0.001872191230936643,1.1862497443369328e-08,69129.0,0.0018465667963027954,1
2.7877247343817615,0.022916270478984903,224538.0,0.7930773496627808,1
1.6200257519183088,0.032713407305154624,150231.0,0.6866030991077423,1
3.1703760684651594,0.019251426092188818,227480.0,0.7565999776124954,1
0.001774631523232306,2.8952546748937802e-09,69129.0,0.00177861750125885,1
0.001776632298263105,6.3670351190462295e-09,69130.0,0.0017857402563095093,1
0.0018072558522337408,8.133916093354322e-10,69131.0,0.0017834305763244629,1
0.0017827661185970828,3.091490825767896e-11,69130.0,0.0017558783292770386,1
0.0018293556410381169,3.2630608383163782e-09,69130.0,0.0018339753150939941,0
0.0017779320019265913,4.7827130946600835e-09,69130.0,0.0017481744289398193,1
2.0989233509728438,0.030363742645385,223875.0,0.866966649889946,1
0.0018112844826107294,3.047816125442324e-09,69130.0,0.0018025338649749756,1
0.0017840740788769174,5.842251017701997e-09,69128.0,0.0017814040184020996,1
1.1552542667120149e-05,3.206696136947692e-09,69130.0,6.362795829772949e-05,1
0.0017848610775232743,2.549010104423498e-11,69130.0,0.0017587244510650635,0
2.1392879792770496,0.04738457991909779,182138.0,0.9027495086193085,0
3.892654619629279,0.010265511187041401,286080.0,0.5545847862958908,0
1.6451416598520892,0.07630289431837889,84998.0,0.8587936162948608,0
3.875664812559213,0.011516452409376342,259211.0,0.6278051435947418,1
5.078836249726829e-05,3.501239563890981e-09,69131.0,7.995963096618652e-05,1
2.3238493464560928e-05,1.2133167643809696e-11,69130.0,3.0294060707092285e-05,0
1.9978279416559628,0.025797407567579422,213806.0,0.6986600756645203,0
87.05606763060206,6.927709175244988e-05,214180.0,0.38447774946689606,1
1.680540857159224,0.03524774120115085,221038.0,0.8751610815525055,0
3.185448693751818,0.02663078470753771,104566.0,0.8633779883384705,0
2.6385803676859636,0.021299608550149746,226403.0,0.7244000285863876,0
9.101869519763632,0.0128413153507527,284805.0,0.7109195291996002,0
2.5711101037385418,9.098758520884177e-12,85112.0,1.2528682947158813,0
1.0084554464153752,0.05553234769627902,126420.0,0.8384146988391876,1
7.217855409934236,0.028212751206230118,202823.0,0.5627405643463135,0
3.904229255211511,0.008824991903258061,275187.0,0.67254938185215,0
3.9982884606551736,0.00844732260749473,269384.0,0.6929078698158264,0
2.1367370474579284,0.0272917892414141,242249.0,0.9084063172340393,0
1.272334856482352,0.03811601966701128,127446.0,0.9038609266281128,0
6.048214006819648,1.3306113858203127e-11,54214.0,0.6862808763980865,0
5.77582360024383,5.9128837865197274e-05,3058.0,0.07333636283874512,0
1.9335782035429756,0.027972165733108987,204911.0,0.9096067845821381,0
0.16324177546559862,5.1837011399621824e-09,77492.0,0.19122765387874097,0
1.2339097718178123,0.03918384578315877,127098.0,0.9005946815013885,0
1.2393994063856995,0.04964327649136845,110839.0,0.9797113537788391,0
0.6299892529092493,0.052058059043885906,80069.0,0.7515556365251541,0
2.332087446412312,0.026300699263708618,259741.0,0.9112755060195923,0
4.3545672102649995,0.007496548418645627,274822.0,0.6811740696430206,0
1.8652833453960895,0.02921122298123108,205557.0,0.9045095145702362,1
0.0018122716267313771,3.1086194509495336e-09,69133.0,0.001809820532798767,0
3.708066263705711,0.04889137367566642,72168.0,0.7854798585176468,0
10000000.0,8.031646245604803e-06,33600.0,0.537349283695221,0
10000000.0,4.421119894196262e-06,33120.0,0.5398072898387909,0
9.183589188394434,0.015627404254336986,57276.0,0.6162114888429642,0
1.8942985102822625,0.028655491247308935,205258.0,0.9067600667476654,0
10.962564663390339,0.002313190773629375,197327.0,0.5259805172681808,1
1.1331795021387017,0.05457609000732107,121629.0,0.8086950927972794,0
0.0018980500774784573,3.1253161807710267e-09,79431.0,0.0021507441997528076,1
0.0017863120001279894,2.7862965015303924e-09,69130.0,0.0017896443605422974,1
0.0017906848114353812,8.11844582194214e-09,69127.0,0.0018245279788970947,1
0.0017783941088522109,5.357678204843915e-10,69130.0,0.001758962869644165,1
0.001783719830543298,2.7728147423767986e-11,69130.0,0.001755446195602417,1
0.0017626442554236515,4.772339055285957e-09,69127.0,0.001779988408088684,0
0.17758916427806437,2.138959157452246e-08,78729.0,0.18469036370515823,0
2.8917249366121403,0.02185878299532852,258563.0,0.8262784034013748,1
0.001812289707113494,2.7155072256857726e-09,69130.0,0.0018195956945419312,1
0.0017736278267239413,8.095953108012055e-09,69130.0,0.0017711669206619263,1
0.001809098138461876,5.598376711459716e-10,69130.0,0.001799359917640686,1
0.0017838502448352413,4.747195565482186e-11,69130.0,0.0017558783292770386,1
0.0018394706736123147,4.305920960958161e-09,69133.0,0.0018170475959777832,1
0.0018103318895419727,1.2851935520517128e-09,78773.0,0.0016124546527862549,1
1.4122007465438968,0.04307513115927356,176503.0,0.8069544285535812,1
0.0017834824522854752,3.2916891922861578e-09,69129.0,0.0017790943384170532,1
2.1487267771969175e-05,5.923545553906535e-09,69130.0,8.48621129989624e-05,1
0.0017999298508124706,1.4420433199902108e-09,69130.0,0.0017868131399154663,1
0.0017853984655178835,9.615299435577619e-11,69130.0,0.0017582625150680542,1
0.0018538728292399485,5.2773389238920155e-09,69136.0,0.0018267035484313965,1
1.056641103945298,0.04328068143945914,157729.0,0.5014573633670807,1
1.4655784532074239,0.03933261957746742,197360.0,0.7214282006025314,1
2.2747870778388384,0.027983301958868157,216080.0,0.8074042350053787,1
0.001858201984778599,1.2026058146832625e-08,69137.0,0.0018490999937057495,1
1.2147975399252913,0.05076484464259487,140899.0,0.8082964718341827,1
0.0018161832904292823,2.930428471545293e-09,69130.0,0.0018053501844406128,1
0.0017862457575830285,5.421522635719807e-12,69130.0,0.0017570257186889648,1
0.0018132634539089888,3.048240865238547e-09,69130.0,0.0018008947372436523,1
0.0018021179618541007,6.7476311549067876e-09,69129.0,0.0018211603164672852,1
0.0017933673891786823,2.228723842767627e-09,69130.0,0.0017796158790588379,1
0.0017867487887925683,1.0046668177479994e-10,69130.0,0.0017608404159545898,1
1.5083532497516314,0.03684327078357351,180338.0,0.6923816502094269,1
1.4095553956668492,0.043370225740544104,175984.0,0.8085955083370209,1
0.0018138050553869066,2.732487006195041e-09,69130.0,0.0018183887004852295,1
0.0017876169249795486,4.376557976659741e-09,69134.0,0.0017905235290527344,1
0.0018087083475801405,2.639557821051243e-09,69130.0,0.001798197627067566,1
4.234182459234927e-05,5.528474963082053e-09,69129.0,0.00010526180267333984,1
0.0018052828726769676,1.759456947064376e-09,69131.0,0.0017919987440109253,1
0.0017850202361963015,9.590003656626612e-11,69130.0,0.0017576515674591064,1
1.5609993855027786,0.03565756612924704,202310.0,0.7018069475889206,1
1.194392428659448,0.05160371048796655,136895.0,0.8068268746137619,1
1.716981085501336e-05,2.9303686659168663e-09,69130.0,6.797909736633301e-05,1
2.1269626441195334e-05,4.119191497726927e-09,69130.0,7.584691047668457e-05,1
0.001814635389826858,2.908973229881026e-09,69130.0,0.0018121451139450073,1
3.234220747129096e-05,6.324060803290631e-09,69129.0,0.0001043081283569336,1
0.0018057912361278895,5.926712052098151e-10,69130.0,0.0017866790294647217,1
0.0017864412628330532,4.766285669094587e-11,69130.0,0.0017591416835784912,1
1.294375029654384,0.047836273854092566,187586.0,0.767174020409584,1
1.813645486940685,0.03912732856768369,242821.0,0.7989132404327393,1
1.2210370470702847,0.05192661837666449,179767.0,0.7852333337068558,1
1.3145837348350833,0.0464914577600236,161429.0,0.8082176893949509,1
1.6462580071625983e-05,3.2087828603494616e-09,69130.0,6.777048110961914e-05,1
0.0017829736650413696,6.9511297130715105e-09,69131.0,0.001791730523109436,1
0.0018142966685469773,8.817070253910291e-10,69130.0,0.0017834752798080444,1
0.5955211931860798,0.05639824518387567,75185.0,0.6353445947170258,1
1.4041327294815298,0.042084997614538794,194291.0,0.7369537055492401,1
0.0018087037165719698,8.624134275372241e-10,78840.0,0.0016158819198608398,1
1.2334076182924756,0.048004240875237296,141492.0,0.8085298091173172,1
0.0017853934051417287,3.271267941923587e-09,69128.0,0.0017726272344589233,1
0.0017867090306831117,6.1000740596945994e-09,69130.0,0.0017937719821929932,1
0.001785011769477094,9.174406860367072e-10,69130.0,0.0017694085836410522,1
2.1759124386263116e-05,2.4940294569602384e-11,69130.0,2.995133399963379e-05,1
2.5399493026794002,0.017080971064489667,239078.0,0.5890111178159714,0
6.783077740506515,0.0029586473848446913,206298.0,0.5914721637964249,0
1.761405469443829,0.038248368826975056,48513.0,0.7125618159770966,1
0.0017972013271666523,2.7960497121247133e-09,90790.0,0.0018163174390792847,1
0.0017839333244904563,6.2078694440662635e-09,69130.0,0.0017948299646377563,1
0.0017788658466752227,7.358394383096078e-10,69129.0,0.0017651021480560303,1
0.0017861145667007461,1.8773930638651375e-11,69130.0,0.001757800579071045,0
88.29829249020939,0.006234170495628329,162874.0,0.49955880641937256,0
10.802923714535128,6.62422850122789e-05,32688.0,0.4000818729400635,0
3.1212670734785566,0.019669353924559825,245071.0,0.8388493061065674,1
1.223360664056589,0.05176640583755746,101346.0,0.803186371922493,0
1.5701474204535506,0.08221745191128502,123928.0,0.9152754843235016,0
16.737843146743298,0.0024383839770204105,79960.0,0.59036885201931,0
1.0517353221936578,0.047472313431861174,98938.0,0.729032576084137,0
0.8757150903356632,0.007146800155742536,41703.0,0.5302294306457043,0
0.883167199837796,0.06385254982662322,106838.0,0.7498683854937553,0
0.7553099636736619,0.004450305384482583,87877.0,0.35343440622091293,0
1.5941620569153,0.018191324069247214,110466.0,0.8962883204221725,0
17.492472289148182,0.004894597575334415,276040.0,0.5821757465600967,0
10000000.0,0.00026404306620669555,56640.0,0.5778646171092987,1
1.3261130627243232,0.04722098436544914,184250.0,0.7724056094884872,1
1.5579214041862306,0.057519089795271754,191336.0,0.8086874186992645,1
1.7781490211036757,0.030128253634471455,195147.0,0.9055257439613342,0
4.52058496282124,0.028033061495032038,122234.0,0.5969689041376114,0
10000000.0,0.000303328821689314,56640.0,0.575423538684845,1
4.90912683791971,0.008169140672234513,266240.0,0.513999417424202,1
0.0018209021645558784,2.2443709980202798e-09,78844.0,0.0016529560089111328,1
0.0018138278963413385,1.4161251203638488e-09,83443.0,0.0017167776823043823,1
10000000.0,0.00031042464859227386,56640.0,0.5749991536140442,0
1.4619027211849016,0.031197624733709097,102194.0,0.9058548510074615,0
1.3256601460697695,0.037917922163081826,136547.0,0.9009964764118195,0
1.868488884300494,0.05998990431715785,150196.0,0.8555848151445389,0
2.0182172524274917,0.009830915320914952,35989.0,0.5443554818630219,1
10000000.0,0.00026079079524479954,56512.0,0.5765141248703003,0
10000000.0,4.524794684608759e-06,33120.0,0.5396863520145416,1
0.5544497422683337,0.025967874961916687,112477.0,0.4850825369358063,1
0.0018583797869780835,4.994652382737079e-06,16164.0,0.022313803434371948,1
1.51440446937453,0.07662001172748861,117340.0,0.8087249398231506,1
1.5928053564724927,0.057972022902625986,92601.0,0.8084709793329239,1
0.0018113291772264351,2.681054868729287e-09,69130.0,0.0017863810062408447,1
0.0017862623411978638,6.985473965786756e-09,69127.0,0.0018161088228225708,1
9.67730327703779e-06,8.912166079961071e-10,69130.0,3.777444362640381e-05,1
0.001784689318192228,3.691360042180138e-11,69130.0,0.0017582178115844727,1
0.0018743231852345334,6.751474263267832e-09,69132.0,0.001860395073890686,0
0.0017849587228353705,7.866789956782597e-09,69128.0,0.001801028847694397,0
4.406824538933094,0.014147264080728073,255948.0,0.8750289976596832,0
0.0017828747694439684,5.08737551377221e-10,69130.0,0.0017548799514770508,1
0.0017841288203447893,2.8502687062384617e-09,69129.0,0.0017653703689575195,1
0.0017845866854656327,7.832793617500639e-09,69130.0,0.0017917454242706299,1
2.47163014372394e-05,1.0084593231785882e-09,69130.0,5.170702934265137e-05,1
0.0017875743084285567,3.0133434661193234e-11,69130.0,0.001760140061378479,1
0.001845505773977502,8.219153454872468e-09,69132.0,0.0018220990896224976,1
4.180343337434158,0.014727588732510035,219328.0,0.6353387087583542,0
0.0023327611443822276,4.088336169609363e-09,69432.0,0.0025176256895065308,1
0.001813410245502447,3.2586754867349834e-09,69132.0,0.0018028020858764648,1
0.0017855730084221043,6.9806013210362734e-09,69130.0,0.001779019832611084,1
0.0018023261155576023,6.147234137539908e-10,69130.0,0.0017726719379425049,1
0.0017862825473184305,5.136959989635564e-11,69130.0,0.0017576664686203003,1
0.0018382791266240463,3.778646411759617e-09,69131.0,0.0018159300088882446,1
1.07111910291784,0.04324808543026164,158809.0,0.5368098169565201,1
2.0265122380422365,0.023939750322110678,222192.0,0.6347729116678238,1
2.1054818508505027,0.030036156925943282,211595.0,0.8079802244901657,1
0.001805277948079222,7.965926913427006e-09,69131.0,0.0018069595098495483,1
28.021903159223296,0.002252059615964034,64064.0,0.5224691927433014,1
0.0018075965112077695,2.9783103662006614e-09,69130.0,0.0018098652362823486,1
2.209379949946846e-05,3.6600206355488877e-09,69131.0,8.319318294525146e-05,1
9.833230997409918e-06,2.931557841944772e-09,69130.0,6.295740604400635e-05,1
0.0017702099771579123,5.779180026612297e-09,69126.0,0.0017857104539871216,1
0.0017770807258944293,4.053345608376646e-09,69130.0,0.0017800182104110718,1
0.001787456586855124,1.102256973249883e-10,69130.0,0.0017617642879486084,1
0.0018213672862844518,3.6377047161139845e-10,83127.0,0.0018310993909835815,1
0.0018127189634853577,2.9026353543276625e-09,69130.0,0.0018102526664733887,1
0.0017911872714393574,2.4145239400597173e-09,69130.0,0.0017748922109603882,1
9.397790360576058e-06,2.986956855456819e-09,69130.0,6.096065044403076e-05,1
0.0017736888371333848,5.471950308359679e-09,69128.0,0.0017691552639007568,1
0.0018093992350995368,1.6551174632717678e-09,69130.0,0.0017896592617034912,1
0.0017854104555874973,1.0427935628784078e-10,69130.0,0.0017573684453964233,1
1.3912849613967096e-05,3.7201562841507443e-10,78899.0,4.029273986816406e-05,1
0.0018222901722280225,2.8450076411167332e-09,69130.0,0.0018148571252822876,1
0.0017883505089180843,4.541324672161465e-09,69131.0,0.0017836391925811768,1
0.0018103267142954376,2.819618771468055e-09,69130.0,0.001795053482055664,1
0.0018019461472626075,6.818223196387795e-09,69130.0,0.0018121600151062012,1
0.0018147500157732744,9.152922764467484e-10,69131.0,0.001786261796951294,1
0.0017837681767993035,9.586966937149106e-11,69130.0,0.001758679747581482,1
0.0018113887299531272,5.9221326816928934e-09,79656.0,0.0018066465854644775,1
1.4460835934164902,0.040190324195357445,196437.0,0.7290999591350555,1
1.3377828460866084,0.04533074965738539,148066.0,0.8078574985265732,1
0.0017841219434692128,2.918839895993019e-09,69130.0,0.001781463623046875,1
0.001780071602195518,6.657190956880485e-09,69131.0,0.0017776042222976685,1
0.0018042360356075769,1.2398317769451324e-09,69130.0,0.0017855167388916016,1
0.0018898240712724708,5.000138897563762e-09,78798.0,0.0017060339450836182,1
0.001993513195445563,1.4944725732473957e-09,78455.0,0.002461180090904236,1
0.001799057095829401,4.226729625529083e-09,79546.0,0.0016500353813171387,1
0.0017821727204295416,3.29906043873938e-09,69128.0,0.0017815232276916504,1
0.0017829176593253684,6.6920721398053715e-09,69130.0,0.0017721056938171387,1
0.0017765099936525297,9.261461268699222e-10,69129.0,0.0017723441123962402,1
2.438252748544286,0.026332165340260755,219754.0,0.8083027601242065,1
2.943136082645642,0.0205127764017866,246431.0,0.8976749628782272,0
3.1656089528086375,0.019019236550395658,245659.0,0.9058295488357544,1
0.0018151235066635085,2.8028391050054154e-09,69131.0,0.001808449625968933,1
1.5732366255953498e-05,6.48370912764114e-09,69133.0,0.00010943412780761719,1
0.0018042531033607698,6.374947197503056e-10,69130.0,0.0017878860235214233,1
2.295768947245492,0.06821365717912833,116526.0,0.9056198000907898,1
0.07488881940391437,0.02110475323930881,69215.0,0.8076896667480469,1
3.4856934391387865e-05,4.0340525944842085e-09,69129.0,8.605420589447021e-05,0
0.05094085596301959,0.015514562529108482,34550.0,0.8089203536510468,1
10000000.0,0.0005226408784400163,35736.0,0.5019716769456863,0
69.97167072533799,7.270424476033366e-05,47999.0,0.5571461319923401,1
0.0018608426071689303,5.583269912050842e-09,69134.0,0.0018466711044311523,0
55.55695571397088,0.004304742073635041,187842.0,0.5667564123868942,0
1.0845834890145518,0.07548632302909804,188801.0,0.9264692962169647,0
2.1197427003084814,0.04831227546491827,113303.0,0.9117670655250549,0
0.004421480221621918,2.8716566191289687e-09,38266.0,0.004432260990142822,0
2.7097887193344676,0.028567403537105806,224235.0,0.8296424597501755,0
1.1869140511142526,0.049942813316428976,157727.0,0.8355499655008316,0
0.11319349370458397,0.01903712749884148,73368.0,0.8309804350137711,0
0.1830191494017186,3.612060328525235e-08,76957.0,0.1906905546784401,1
0.7175107538418457,0.0627568342504883,82060.0,0.791053056716919,0
5.89020479715033,0.0057478311575330935,255972.0,0.4849085956811905,0
5.724335261399924,0.02784422362759651,58848.0,0.5940642952919006,0
0.0018099825365751204,2.1837849783338088e-09,79456.0,0.0016460120677947998,1
1.7392031513092154,0.035062386698806174,202027.0,0.8084322363138199,1
0.7947044421368228,0.060008149300312306,81860.0,0.8072734475135803,1
30.013818959444787,0.006306077554068286,160650.0,0.3603251501917839,1
9.243854706904193,0.00237670899427644,266240.0,0.45594242215156555,0
1.948876247187556,0.051882923691199574,104093.0,0.5841733366250992,0
3.682861600810613,0.04896017489140535,71784.0,0.7833236306905746,0
0.9825162896692532,0.051605196593746946,102150.0,0.7994537055492401,0
1.0742954497333694,0.05542070578612247,99527.0,0.7471197992563248,1
1.0266955456626785,0.05672227316570917,89820.0,0.802760660648346,0
2.212768827169793,0.01956244036099913,236387.0,0.7716910541057587,0
13.74801894224288,0.009901420197446765,246364.0,0.5202229619026184,0
1.5682800397663466,0.0343398134720334,219816.0,0.9489292502403259,0
2.101672678463846,0.03225923300619605,122552.0,0.8813819289207458,0
10000000.0,4.719991962342975e-06,33600.0,0.5395537316799164,0
10000000.0,0.000512333510607415,33120.0,0.5000084638595581,0
1.2950101762138764,0.06249328908690541,72492.0,0.8120531439781189,0
44.229442248370674,0.0007584518199492753,279890.0,0.5133928507566452,0
0.06910491006483462,3.2518857735722022e-09,73027.0,0.07877129316329956,0
0.033543997793234984,3.0868940746795522e-09,80904.0,0.03460550308227539,1
0.0017875190799755433,4.585336128128451e-09,69127.0,0.0017908066511154175,1
0.0018099835467101405,4.2911773408077365e-12,78797.0,0.0016187727451324463,1
0.0017526743753977089,3.777514305860162e-09,79403.0,0.0016337037086486816,1
0.0018694728336990662,6.007122909525412e-09,69133.0,0.0018445402383804321,0
0.0017411569896348836,5.974441872473511e-09,69130.0,0.0017431527376174927,0
2.85207846447727,0.021996412178043708,238753.0,0.795351192355156,1
0.001812879627128533,2.724456564152832e-09,69130.0,0.001802787184715271,1
0.0017773525574139868,7.010458395824551e-09,69130.0,0.0017809271812438965,1
0.0018066078732966078,8.931340566102498e-10,69130.0,0.0017889142036437988,1
2.1819660996690338e-05,3.650679606403676e-11,69130.0,2.9981136322021484e-05,1
0.001866955908608539,6.0686822954998985e-09,69131.0,0.0018369555473327637,1
0.0018088953281427762,1.5116648991744725e-09,78785.0,0.0016217827796936035,1
4.389023609428031,0.013533858115859146,223948.0,0.6994912773370743,1
2.2012808151510436e-05,3.38170487080328e-09,69130.0,7.140636444091797e-05,1
3.582358782088772e-05,7.3553901352433475e-09,69128.0,0.00011278688907623291,1
0.0017791998319402996,9.638239686230427e-10,69130.0,0.0017681121826171875,1
0.00178421046359464,2.7518067224026412e-11,69130.0,0.0017563104629516602,1
0.0018226225547192424,3.23539478063572e-09,69130.0,0.0018065422773361206,1
0.0018192009867749122,6.935428252619159e-09,69130.0,0.0018413960933685303,1
10000000.0,3.0558265937934795e-06,266240.0,0.38217373192310333,1
0.00179175860391679,4.793419075832448e-09,69130.0,0.0017713755369186401,1
0.0018026875913211685,6.74293888096686e-09,69130.0,0.0018325597047805786,0
3.8188731925845505,0.014004363494913618,82923.0,0.6587104499340057,0
3.0823079844521664e-06,4.019993452266541e-09,89132.0,8.362531661987305e-05,1
0.001801525520345572,3.1393444814204554e-09,69130.0,0.0017848461866378784,1
0.0017741030343948582,6.152156196131702e-09,69128.0,0.001767575740814209,1
0.0017965507315026456,2.2443642664042666e-09,69131.0,0.0017939358949661255,1
0.001786495729731422,1.148309208253643e-10,69130.0,0.0017597377300262451,0
2.6096783976982234,0.022092812344859776,232387.0,0.9082504212856293,1
0.0017873947325397846,2.751744541946437e-09,69130.0,0.00176239013671875,1
0.001781505788924203,3.933108632539881e-09,69130.0,0.0017878860235214233,1
0.0017796169382715216,2.7009315355696694e-09,69128.0,0.0017805695533752441,1
0.0017711954509143774,6.709707051006611e-09,69128.0,0.0017577707767486572,1
0.0017775924646279884,2.326527311277657e-09,69130.0,0.001770511269569397,1
0.0017838431943306243,8.015822496025086e-11,69130.0,0.0017599165439605713,0
2.5897153131748296,0.022263909999302594,232448.0,0.9073432981967926,1
0.0018134568249684809,2.825768137360265e-09,69130.0,0.00181521475315094,1
0.0017862760235920615,8.365181961058361e-10,69130.0,0.0017928928136825562,1
0.001811170798895198,2.990060693478586e-09,69130.0,0.0017938613891601562,1
2.0594526104636394e-05,5.8966310834264675e-09,69129.0,9.219348430633545e-05,1
2.6831496936667435e-05,4.535824544065345e-09,69130.0,6.352365016937256e-05,0
1.4754130109227848,0.04594286354305938,184100.0,0.8691214323043823,0
60.98108247895105,0.0010372812267469172,34710.0,0.4732130765914917,0
0.0017447938922281465,9.55628128009756e-09,69124.0,0.001782059669494629,1
7.625926341571848,0.0031892743987114564,266240.0,0.4661933034658432,1
0.0017864176386084018,4.0808393269746165e-09,69131.0,0.001787632703781128,1
0.0017803924687500542,3.0954592179161445e-09,69128.0,0.0017879456281661987,1
0.0017890358052609161,6.666456935517734e-09,69130.0,0.0017783939838409424,1
0.001762348213824944,2.437815552667435e-09,69130.0,0.0017640888690948486,0
0.2044882939975352,6.408870712249938e-08,80110.0,0.2221585437655449,0
2.533842454265853e-05,3.919376956937027e-09,69130.0,8.997321128845215e-05,0
0.001772917664507402,8.111012217284046e-09,69128.0,0.0017923414707183838,1
0.0018037520144794524,2.649733689230146e-09,81209.0,0.00164736807346344,1
0.0017680005285458952,7.869032215840743e-09,69127.0,0.0017732977867126465,1
0.001774330093649036,1.4953482266321108e-09,69130.0,0.001761108636856079,0
0.0810125347428087,4.759203631408512e-09,72626.0,0.10181424021720886,0
5.361760069661751,0.018705524910348735,303376.0,0.7359234988689423,0
2.602384521721368,0.02352262346139492,247411.0,0.8830378204584122,1
2.244134665329985e-05,2.231055802118073e-09,69130.0,5.81592321395874e-05,1
0.001783937469458074,6.099929559353226e-09,69128.0,0.0018105804920196533,1
0.0017770328643263984,9.04243165558566e-10,69130.0,0.001783117651939392,0
0.18778929957486318,9.896805420582071e-08,71288.0,0.21114929020404816,1
1.9591127177099883,0.029252769316902384,237368.0,0.6745844185352325,1
1.3631720160325682,0.052254230740741425,94642.0,0.656547337770462,1
2.0195873114672232e-05,3.1611419253679216e-09,26508.0,6.459653377532959e-05,1
1.8732562727291642,0.03335872866607523,204208.0,0.8087247759103775,0
0.11415627169410839,0.02870508997434877,45134.0,0.8076336234807968,0
10000000.0,2.5378696659234067e-12,20495.0,0.5056278109550476,1
0.0018482874548984445,4.8223330765207525e-09,69132.0,0.0018298327922821045,1
0.001785367017234229,6.886060410815308e-09,69125.0,0.0018224269151687622,0
0.005292489005259376,3.211825296558995e-09,26485.0,0.005180418491363525,1
0.0018111413329426776,1.4522318183746158e-09,78815.0,0.001609504222869873,0
20.371762316547343,0.0026710492197258994,189911.0,0.7134411633014679,0
1.5493316465720834,0.0334114952249544,162175.0,0.9045962691307068,0
1.131157833526971,0.05302550154930467,95119.0,0.8317689299583435,0
0.07532574169941521,0.022008940388442762,49810.0,0.8077285587787628,0
0.243783700850073,7.784109079329596e-09,66656.0,0.27327999472618103,0
0.19362834919379876,2.285034986698701e-11,79724.0,0.21043632179498672,0
0.11610147656189126,1.850426029937398e-08,25860.0,0.05982695519924164,0
0.15643844887416175,6.173505160764846e-09,77709.0,0.15721125900745392,0
0.11924827763613213,3.784261658777495e-11,104937.0,0.1460425779223442,1
0.0018438045345525803,5.743427792505505e-09,69132.0,0.0018382668495178223,1
36.66213017312207,0.005331333319623489,128890.0,0.42030981183052063,0
0.0016929960011916687,2.5880743804513025e-09,19486.0,0.0016772300004959106,1
7.002016173716659,0.009101697545837178,144508.0,0.6248133629560471,0
0.001800712281786018,5.380234654826821e-09,80263.0,0.0016735196113586426,0
0.0017017560620586408,3.0357599428916046e-09,25996.0,0.0016960203647613525,1
0.8051417843626247,0.06141907729944799,90903.0,0.8084105402231216,1
0.0018309993332519534,4.0120221407108356e-09,69131.0,0.0018407553434371948,0
0.13745925996925668,3.043245430123414e-09,76899.0,0.13821671158075333,0
29.03937504462314,0.0008635826484919329,214550.0,0.3600340411067009,0
2.1825015944773636,0.05513588483806367,105868.0,0.695532351732254,0
0.00333975886134603,6.7919892637742095e-09,81370.0,0.004000380635261536,0
0.001599572561519261,2.936861002018754e-09,19101.0,0.0015760213136672974,1
10000000.0,4.468829586189879e-06,33600.0,0.5398017466068268,1
2.5512601503764873,0.05011918958265907,80438.0,0.8083943426609039,1
1.220680332187108,0.0432557289044079,111363.0,0.9005555510520935,0
0.8478919986876615,0.060604775028247126,77041.0,0.9306835532188416,1
0.0017875208080022703,3.650401022366816e-09,69130.0,0.0017791986465454102,1
1.904015077700847e-05,7.08851553087663e-09,69130.0,9.468197822570801e-05,1
0.0017827479663524628,2.0209480458084222e-09,69130.0,0.0017769187688827515,1
0.0017825591962289478,8.704306560575993e-12,69130.0,0.0017544925212860107,1
1.5863537139126906e-05,3.954767289003857e-09,69129.0,7.195770740509033e-05,0
0.19915513747195446,0.011621500204525933,72796.0,0.3158779442310333,0
4.461956725553717,0.00828860939630702,234476.0,0.5573808699846268,0
0.0017973273059866007,2.4485171582515274e-09,80933.0,0.001650691032409668,1
0.0017835870769662972,5.861623210659727e-09,69125.0,0.001805722713470459,1
0.0018081660436242162,1.0196396173188977e-09,69131.0,0.001789867877960205,1
0.0017837522919330537,3.135433270327507e-11,69130.0,0.0017553120851516724,1
3.621137926122854e-05,3.1200190334342593e-09,69132.0,7.72327184677124e-05,1
0.0018134910237377398,2.587651047767671e-09,81204.0,0.0016660243272781372,1
3.8852604802094093,0.015324659404110649,231150.0,0.7204253524541855,1
2.877750660995812e-05,3.550342935926859e-09,69127.0,8.434057235717773e-05,1
2.173746951330553e-05,6.333870193563364e-09,69129.0,0.00010308623313903809,1
2.951943352019206e-05,1.0518069124352071e-09,69130.0,5.7056546211242676e-05,1
0.0017837472422293867,2.467412595957485e-11,69130.0,0.001756235957145691,1
0.001856821071745941,6.659841727069803e-09,69130.0,0.0018192976713180542,1
0.0018059684166008764,6.893995358422856e-09,69130.0,0.0018706023693084717,1
30.649042086202982,0.0003854241158369731,266240.0,0.412183940410614,1
0.0017796110380215982,5.646245780484597e-09,69133.0,0.0017715394496917725,1
0.0017932643733550439,4.43214305117351e-09,69130.0,0.0018095225095748901,0
0.1362335050017658,9.655419670242855e-09,72324.0,0.15895463526248932,0
0.0017577014247109786,6.207862671615073e-09,69131.0,0.0017445534467697144,1
0.0017868916487450161,4.177496356115147e-09,69133.0,0.0017856359481811523,1
0.001828583192022343,3.127662776802692e-09,69130.0,0.001806885004043579,1
0.0017493779267867425,7.26575633699947e-09,69128.0,0.0017606765031814575,1
1.738912520358548e-05,2.7705934201005384e-09,69130.0,6.19739294052124e-05,1
0.001785288051571529,1.2426496197839756e-10,69130.0,0.0017575770616531372,1
2.230565306192832,0.035555263697688064,212110.0,0.6191239058971405,0
1.23059076333873,0.06609025700170201,101069.0,0.7958873361349106,0
1.6476893554874046,0.08125204587035378,86475.0,0.8409389853477478,0
3.20910889410676,0.0013528557300434751,11069.0,0.17202097177505493,0
0.3667783637484294,2.713142413285729e-09,91519.0,0.4131145067512989,0
0.009856743963499033,0.0018007221678461932,61840.0,0.0450563058257103,0
1.4420808004186585,0.0799883707447133,95251.0,0.7799781560897827,0
66.26948124908859,0.0009094856180706855,33280.0,0.46730050444602966,0
2.5699998171102525,7.046927004222624e-12,37071.0,0.49111444503068924,0
0.7395731765960124,0.03955918493271156,117969.0,0.7702440991997719,0
0.011623500820015925,0.002361628028938454,51623.0,0.04611824452877045,0
1.0540451736652567,0.055659556654093174,95439.0,0.7988631278276443,0
1.5580032449794214,0.07876155082303511,96890.0,0.8148922473192215,0
1.5794105628471249,0.08105209812600069,95584.0,0.7989079803228378,0
2.8254872448643993,4.603441807878561e-12,46919.0,0.5531918108463287,0
1.6372908533721415,0.08029504966034338,91433.0,0.8009405136108398,0
0.4776636320276496,0.010726683341513043,100176.0,0.4925227649509907,0
1.2708852680058573,0.055412269088136575,70021.0,0.7384255677461624,0
1.820601499734402,0.08305311110513458,96703.0,0.7550980299711227,0
1.7843022526986465,0.06977196886734158,163156.0,0.7670230716466904,0
0.0745870018868527,1.3644775935741196e-08,73500.0,0.07640331983566284,0
6.482969457626899,0.0671580605302223,86279.0,1.0626418590545654,0
1.6509134063398112,0.07965758645495152,89830.0,0.7967220544815063,1
1.1721708883209325,0.05323345385174225,57439.0,0.7438402324914932,0
5.124395561164922,0.010920979804153663,218421.0,0.4754699468612671,0
0.8273914788455139,5.435302448316624e-12,133107.0,0.8032308369874954,0
0.6304294315166894,0.04032124646860125,92986.0,0.6631107795983553,0
1.6818817149868137,0.08097105192253816,96664.0,0.836245521903038,0
0.8101527426663312,0.06978618831904718,81667.0,0.44301047921180725,0
1.0334927929533826,0.05642870913683028,83645.0,0.7963125258684158,1
4.767457091709689,0.052788153863650614,114248.0,0.49925801157951355,1
0.0017767039352559772,3.698663455821498e-09,69130.0,0.0017556548118591309,0
29.650928654206634,0.0015578961276816847,81347.0,0.49325400590896606,0
35.83574558668481,0.0005607700349664486,56888.0,0.5371790081262589,1
2.9052889564701476,0.013758733959618146,247722.0,0.5838667452335358,1
4.133752125533222,0.01379301446240049,201449.0,0.7252015024423599,1
0.001815242334905565,3.279343818372368e-09,69130.0,0.0018033087253570557,0
1.3322503711503049,0.0630846409194245,142750.0,0.8846297413110733,1
0.0017923600518109301,2.459782913172135e-09,69130.0,0.0017736554145812988,0
0.36576986869549305,0.05216294838743633,74070.0,0.9470138847827911,0
7.964271913906161,0.018785059947027897,58936.0,0.6311808079481125,1
3.329563443113498,0.016713273237967504,224248.0,0.7728671133518219,0
0.2717329384545048,0.04106560290073298,82035.0,0.6909254789352417,0
2.642144567382687,0.05117196911156753,105550.0,0.540742501616478,1
0.0051389185289957935,4.6222296638649456e-11,48477.0,0.005925387144088745,1
8.518629076297767,0.00439654016434605,234009.0,0.5717786401510239,0
0.0016764386438608522,2.8031662253879783e-09,41846.0,0.0016811192035675049,1
21.670925296655422,0.0029946110857363034,85696.0,0.4861021041870117,1
7.387636812810237,0.0033499454141668553,266240.0,0.46990497410297394,1
48.34274085213719,0.0012049605946378497,45344.0,0.4523148387670517,1
8.548542016967735,0.002678775865137446,266240.0,0.4612746387720108,0
0.5305656066460245,0.04308813593926765,100093.0,0.7212696522474289,1
2.466414630029578,0.035936041970233895,115657.0,0.7045871317386627,1
1.9540763853857457,0.025297829109661545,219631.0,0.6415132880210876,0
0.7084938773580555,0.05146877249707705,89529.0,0.806979775428772,1
1.3671158903497522,0.04397606116606815,191856.0,0.7637862414121628,0
0.0017096683276952365,2.8194158769792315e-09,41257.0,0.0017109960317611694,1
1.3814005078113925,0.03859908244071383,181742.0,0.8264480382204056,0
1.7564711641056951,0.03141533740869769,160560.0,0.7913293838500977,0
1.428372296611944,0.058077877713644574,136518.0,0.8203679025173187,0
0.001713474666233648,3.2694893344540758e-09,34736.0,0.0016927719116210938,1
1.7173693270618928,0.03603004744386681,197541.0,0.8077595978975296,1
8.258913981085407e-06,3.074321988577506e-09,69130.0,6.058812141418457e-05,1
1.5246567837262167e-05,2.2597767675716712e-10,69130.0,2.866983413696289e-05,0
26.788224716184217,0.017383163243064895,164589.0,0.42030616104602814,0
0.1946205125393998,6.25462559947558e-09,71526.0,0.2180463671684265,1
0.9673058627745456,0.05810206065235995,86339.0,0.8012422621250153,0
6.8057995559388145,0.06611505504407339,105095.0,0.7236733585596085,1
0.001807414151738794,5.577203667636533e-09,69128.0,0.0018157362937927246,1
0.0017864202497718277,5.416861677787199e-09,69130.0,0.0017831921577453613,1
0.0017818870765743365,3.3560761220792553e-09,69129.0,0.0017872601747512817,1
0.0017854343757587525,6.84806797368778e-12,69130.0,0.0017563700675964355,1
0.001814438640374543,4.3771654328416824e-09,69129.0,0.0017901360988616943,0
0.13962274685174722,1.6493544576825515e-08,75733.0,0.1553480327129364,0
4.385446761034833,0.01409876070469342,255965.0,0.8747292160987854,1
0.0017882312219259617,2.6686324411552916e-09,69130.0,0.0018081068992614746,1
0.0017853871351741547,6.611696014224109e-09,69124.0,0.0017957687377929688,1
0.0017757055012666404,2.147401553826118e-09,69125.0,0.0017539560794830322,1
0.001784265083089406,9.306461121696145e-12,69130.0,0.0017556548118591309,1
0.0018124547698448706,3.827611505929177e-09,69130.0,0.0018016397953033447,1
2.0257677623380226,0.031126701891740348,208990.0,0.8078055679798126,0
0.0018202427587169796,4.394255562653066e-09,80926.0,0.0016955584287643433,1
0.0018095827918982136,2.7925186695945176e-09,69130.0,0.0018048584461212158,1
2.3081576427900832e-05,5.503938153149986e-09,69130.0,8.432567119598389e-05,1
9.368031889348557e-06,9.913007643379049e-10,69130.0,3.959238529205322e-05,1
0.0017855989612182333,3.5913366414524813e-11,69130.0,0.0017576515674591064,1
3.963258459083967e-05,3.0802195288596266e-09,69132.0,7.434189319610596e-05,1
1.5000606556378744,0.0405999725797046,185667.0,0.8082332462072372,1
1.4016507355936254,0.04220141774332956,193980.0,0.7368374615907669,1
2.228059742208739,0.02748856182664373,179303.0,0.6603572070598602,1
1.355836177932246e-05,3.4885029901199283e-09,69130.0,7.371604442596436e-05,0
7.53702736522977e-06,8.43852937002654e-09,69130.0,0.00010098516941070557,0
4.209081320145456,0.014467729451542526,245050.0,0.8097436428070068,1
0.001809593239335104,2.8949584270193245e-09,69130.0,0.0018092840909957886,1
0.0017302212583076956,9.361900478310278e-09,69124.0,0.0017719864845275879,1
0.0018034145062146504,2.577605524067794e-09,69131.0,0.0018023699522018433,1
0.0017835174379803268,1.3627422129864212e-10,69130.0,0.0017581284046173096,0
0.34939744746858614,0.027564097411712236,79577.0,0.7762831449508667,1
7.67878528229859,0.009299126652618731,107693.0,0.6801857352256775,0
0.7864724795594022,0.05368352068089858,103046.0,0.8225993365049362,0
1.5133441746668772,0.1021980798485855,68778.0,0.3955632448196411,0
10000000.0,4.3905278154487325e-05,37920.0,0.540075808763504,0
10000000.0,2.9016494753501742e-05,37920.0,0.543719470500946,0
1.4577931836239502,0.049581384352204765,105085.0,0.7366334795951843,0
0.011077167546154473,0.0022009569640329177,52775.0,0.04609961062669754,0
1.31017072980494,0.054498007543964035,96064.0,0.8377337157726288,0
1.3079840536369864,0.04282699448681057,192413.0,0.9203938245773315,0
2.2620418459323743,0.018895922170417714,235253.0,0.778706818819046,0
1.283785751101026,0.03913771915577563,135494.0,0.8977881968021393,0
1.0511976306433586,0.018447001553991284,120917.0,0.5960827469825745,0
0.6064061706407796,0.05302687962725451,82481.0,0.7935324907302856,0
1.7430044558407014,0.030289796885184767,185609.0,0.9092161655426025,0
0.012897132545928907,0.0029953332516455466,47471.0,0.04571772366762161,0
1.9142334926391404,0.02082269121695747,204751.0,0.5107419788837433,0
1.8464385939105539,0.022514685732197507,204310.0,0.5698506236076355,1
4.665361925416572,0.007503088129223048,255477.0,0.576276034116745,0
0.18779184890951786,1.7894922864601123e-08,78813.0,0.19256366044282913,0
0.9724565391346505,0.04545298420814032,131181.0,1.046432077884674,0
0.9899726157735306,0.05369157093724874,117765.0,0.7975325882434845,0
0.10155003792250193,3.728692151173436e-08,74953.0,0.10395611822605133,0
0.6397624544277803,0.04929087234053283,88076.0,0.7928577661514282,0
1.985544549143744,0.020929904099059184,208625.0,0.5489426776766777,0
1.6550997635802938,0.0330278313659948,103369.0,0.7382112443447113,0
0.4186027840955815,0.04703983404723126,75689.0,0.7967463433742523,0
2.0882470193633074,0.029749923478651595,160457.0,0.9083826541900635,1
1.243445363948324,0.05342367972663294,92439.0,0.8080502450466156,0
3.6336132963526064,0.00966954965468721,264062.0,0.7034729719161987,0
1.3392631894934162,0.04275507543123801,192669.0,0.8680868148803711,0
1.075291385559853,0.05828899152343956,78728.0,0.7384017407894135,1
2.5064497592269035,0.0586221192329368,213345.0,0.8773395717144012,1
2.994508064282596,0.019501128684036563,214485.0,0.5014335513114929,1
1.097972207122961,0.05578512573336902,90704.0,0.8088199496269226,1
1.0294608110955632,0.05680324627779982,93158.0,0.8011094033718109,0
0.0017993258205777178,1.3479556263269588e-09,37470.0,0.0016674250364303589,1
1.2079227693282437,0.0758040457974268,90551.0,0.7384083867073059,1
9.949137897764873,0.006450165616223002,106475.0,0.6045757532119751,0
0.0018076037814466139,1.5189716946903369e-09,79688.0,0.001652151346206665,1
2.004434539322625,0.05285952408789375,95994.0,0.6127426773309708,1
0.001650619932454855,1.425324813075127e-10,69154.0,0.0016326308250427246,1
8.545942610410847e-06,2.1377861587600097e-09,69130.0,5.169212818145752e-05,0
1.8861373186975579,0.03108181555882613,132376.0,0.7923907339572906,0
0.1567810020031621,1.4168245847020364e-09,76606.0,0.18793633952736855,0
0.8047611300210582,0.056746753109438205,95449.0,0.8939589112997055,0
9.01866070725724,0.016370744889055433,56140.0,0.5009215772151947,0
1.1415237777020069,0.05954960810398516,65935.0,0.8086444735527039,0
0.001637807682238522,2.522838655108094e-09,39033.0,0.0016258805990219116,0
0.05216658475112411,3.1103229610202227e-09,92436.0,0.06271429359912872,1
2.174210357766687,0.05376657296082002,136975.0,0.5182056277990341,0
0.0017955607538364168,6.404540079694896e-09,81895.0,0.0017034560441970825,0
0.9986870209347528,0.05965191358966354,93248.0,0.9280970394611359,0
5.246803447440721,0.018351670396080336,265288.0,0.6281140297651291,0
1.5929001357303691,0.05647204207437788,106875.0,0.8512764424085617,0
0.11654883324158541,1.8666055273743804e-08,75414.0,0.13371310383081436,0
0.17431460066251905,9.816987534023726e-09,78548.0,0.180964857339859,0
1.3544547342038924,0.03649824591099548,134446.0,0.9058828949928284,0
10000000.0,0.0002901115650524259,23296.0,0.43023864924907684,0
35.663862772494625,0.0003417567257078788,219592.0,0.41317468881607056,0
0.026844928736545603,6.00294420430177e-10,66618.0,0.03270202875137329,0
44.18511841415893,0.0004979403413128834,221550.0,0.34660454839468,1
1.5645581058390365,0.05110300044767583,96374.0,0.6243708282709122,1
2.32275376031011,0.02526502600889093,213651.0,0.8034083098173141,1
1.846418044180529,0.06096422683549759,210702.0,0.8397282510995865,0
0.12639979179340166,6.780392974574526e-11,92202.0,0.15945856273174286,0
69.5099146509535,0.0015143587459607753,35335.0,0.37900225818157196,0
9.877765075031297,0.025201920006811023,157754.0,0.4204860180616379,0
0.2451270847801501,4.425183649482403e-09,82159.0,0.28955060988664627,0
43.41985514288384,0.0004010818847372186,154350.0,0.34671641141176224,0
50.68848214243626,0.003204308404768938,94985.0,0.3889937251806259,1
2.374359647642691e-05,6.028174474380752e-09,69128.0,8.988380432128906e-05,1
0.0017851011444027878,6.337842042334832e-09,69128.0,0.0018141567707061768,1
0.001785659112284546,3.5351273440625778e-09,69130.0,0.0017979443073272705,1
0.0017864440480370731,3.2094474987239487e-12,69130.0,0.0017571896314620972,1
0.00179778797701974,3.7114411904641036e-09,69127.0,0.0017860829830169678,0
0.17231011254861794,5.276448084016679e-09,78285.0,0.1973363347351551,0
1.6262605882932644,0.029464730065752412,221597.0,0.8057776391506195,0
0.0017820452430043101,1.0780012373201678e-09,69130.0,0.0017634481191635132,1
0.0018053354864570636,5.112497838422841e-09,69127.0,0.0018142908811569214,1
0.001781856434043863,6.409707039546274e-09,69127.0,0.0017984658479690552,1
0.0017850950958160617,4.137710497827104e-09,69130.0,0.0017628222703933716,1
0.001786647695210334,6.784548566536849e-12,69130.0,0.0017580986022949219,1
0.0018193873400261782,4.48206516184509e-09,69130.0,0.0017987936735153198,1
6.8094948237547275,0.009618629870937161,145199.0,0.6280796080827713,0
4.90592303875817e-06,3.985252465804642e-11,82475.0,1.6108155250549316e-05,1
0.00181852828194586,2.8700315030737737e-09,69130.0,0.0018157511949539185,1
0.0017856006355170472,5.1284715623313185e-09,69129.0,0.0017799735069274902,1
0.0018144671608487557,3.743955342877055e-09,69130.0,0.0018002688884735107,1
0.0017852650709743391,2.671121404769691e-11,69130.0,0.0017573684453964233,1
0.001852769860319587,4.331095097975078e-09,69132.0,0.0018380433320999146,1
1.2066379880823377,0.05096111314862301,139951.0,0.8081770688295364,1
1.6593367011654587,0.03246993177385449,207298.0,0.6838552951812744,1
0.0017867802031877047,4.078036556701335e-12,69130.0,0.001757979393005371,1
1.2695334599766171e-05,3.6832500925062657e-09,69131.0,7.651746273040771e-05,0
2.166268064677214e-05,4.8445220029043365e-09,69131.0,8.179247379302979e-05,0
3.0510314218935544,0.02073223571873193,259268.0,0.8319130092859268,1
0.0018104562322481992,5.866020819543687e-09,69135.0,0.0018085390329360962,1
0.0017719426632898346,3.1518732463488632e-09,69130.0,0.0017631202936172485,1
0.001785677768888125,1.2153728399592922e-10,69130.0,0.0017564445734024048,0
8.746465494252819,0.007177906146760683,162138.0,0.5000123679637909,1
1.5057066043190257,0.06104900378174502,130295.0,0.7759669423103333,1
8.192895860440272,0.007739418607617379,131837.0,0.6041554063558578,1
76.90840294029512,0.0005868409043646925,34128.0,0.46174272894859314,0
6.207292212602833,0.010560432453837452,172729.0,0.6698082834482193,1
1.4691767047232565,0.06722009559853108,125339.0,0.5016595274209976,0
10000000.0,4.7137963899886444e-07,3207.0,0.38034389913082123,1
1.0868497238260073,0.056207606351635145,117486.0,0.8099768608808517,0
7.70815919747222,0.007618920989835764,176629.0,0.7210032045841217,0
10.806069609907329,0.006165295892484965,171277.0,0.6549771726131439,1
1.6466153333039288,0.04125988657923815,213864.0,0.7007062882184982,0
2.302781363449892,0.10523097342869323,67153.0,0.39078351855278015,0
0.011722033527751731,0.002406134868067091,51410.0,0.04610685259103775,0
8.743514356035663,0.00014956340204630225,102710.0,0.5426762104034424,1
11.498407632558747,0.008524466200951111,120224.0,0.47851574420928955,0
6.9999848221346594,0.00916530587319711,139110.0,0.5017458498477936,1
0.0018077385632304789,4.443711017279568e-09,79522.0,0.0017211735248565674,0
0.010101044386023442,0.0019737240367916193,58920.0,0.04574858397245407,0
0.9785252334665501,0.04965466901164478,33955.0,0.6929228454828262,1
2.134977124245297,0.02218035134124341,226393.0,0.6344746500253677,0
11.794501103024846,0.010130372781812027,204014.0,0.5846393555402756,0
2.2196926628317217,0.050898354292060334,145179.0,0.8977845013141632,1
26.977550013448585,0.00046819276366820813,266240.0,0.416348859667778,0
1.761875166414968,0.05281031944968853,89901.0,0.8314438164234161,0
7.629873675490013,0.006891734485068249,166392.0,0.784117579460144,0
6.846115467294057,0.009415487292566327,175355.0,0.6765847057104111,1
1.1892170835387232,0.06226532767210566,114839.0,0.5000500082969666,1
0.10943724475381103,0.02751687050356105,69259.0,0.8087282031774521,1
1.5789406052408337,0.07559882634800767,112452.0,0.8015934973955154,1
2.8634152944760185,0.020559522911009123,226873.0,0.7599661499261856,0
9.405775520026115,0.006556124503088676,160185.0,0.5008514374494553,1
1.3006145442649786,0.06418377637173207,119212.0,0.5000402629375458,0
0.8991637860364952,0.04478226198756435,161567.0,0.6987943351268768,0
0.0015791142724072987,3.7929388431741974e-10,298.0,0.0006631314754486084,0
0.45864196804338425,0.04075854863939115,82046.0,0.7155702114105225,0
6.577022909833142,0.010524680865087266,183520.0,0.6833454370498657,0
9.50748008619815,0.006452536455593278,160143.0,0.5000157803297043,1
1.3247012345364164,0.060496162962105256,123092.0,0.8072511851787567,1
0.0017529142833965182,4.627658387931979e-09,57829.0,0.0017363578081130981,0
0.09422834000258774,3.147866073454493e-09,74470.0,0.10217903554439545,0
1.4051822240989302,0.04829667970575981,174000.0,0.8483658283948898,1
0.8887846583397823,0.058760238280436417,98435.0,0.8077230453491211,0
19.70593879885572,0.003509306012627018,121888.0,0.444510817527771,0
6.375194028692317,0.009411360170821451,176250.0,0.7041487693786621,1
5.908949788852632,0.004753739494946423,266240.0,0.48571839928627014,1
47.45747566680484,0.002082622293443156,111554.0,0.36066417396068573,1
0.8275701391443531,0.060489759140313425,85898.0,0.8037354946136475,1
0.00179183123007801,1.1457478414342156e-09,69130.0,0.0017892718315124512,1
1.297702372221783,0.05918801537385605,118095.0,0.8058108538389206,0
0.05406405519419343,1.1759245575846666e-09,54064.0,0.06005985289812088,0
10.869525140113886,0.005844358796478092,177200.0,0.7341646552085876,0
11.241076511943646,0.012162837907667794,53985.0,0.500012144446373,0
1.5071192605265458,0.03681428900348584,182698.0,0.8839791268110275,1
0.0154174079597119,0.005694533573527501,69147.0,0.8064407706260681,1
2.540869525701168e-05,5.826232374252284e-09,69129.0,9.351968765258789e-05,1
1.0775767667529734,0.05907053397327492,113175.0,0.8066875636577606,0
20.4990443944656,0.0037363868492986804,101088.0,0.4424871802330017,0
10000000.0,1.9988056736132166e-05,33600.0,0.5306620299816132,0
0.02742881976055251,0.004292471040629407,78807.0,0.9096948206424713,1
0.8672790422999179,0.06139189863525824,88539.0,0.8089211285114288,1
1.0429802240891182,0.06042694334745549,108810.0,0.501614972949028,0
0.0018236159254025213,2.9013660202691753e-09,79580.0,0.0016805827617645264,1
2.7834671118774287e-05,5.509549134440096e-09,69128.0,8.545815944671631e-05,1
0.0018070788928189194,3.497499120335617e-09,69130.0,0.001813545823097229,1
0.0017849938303948457,8.243207049540537e-12,69130.0,0.0017570555210113525,1
0.001827164936417056,4.3522107740531616e-09,69130.0,0.0018320679664611816,0
0.0017827471983605438,3.999780027403578e-10,69129.0,0.0017607659101486206,0
8.177991074752278,0.022205881473167353,179807.0,0.6330870091915131,1
0.0018559741928176937,7.91321964553632e-09,69133.0,0.0018658638000488281,1
2.6012600770344535e-05,2.063988760310077e-09,69130.0,8.225440979003906e-05,1
0.0018140272747077487,4.073914923852917e-09,69134.0,0.0018184036016464233,1
0.0017845902329244445,9.186274481041625e-12,69130.0,0.0017553716897964478,1
0.0018123859828022655,3.3957224821659263e-09,69130.0,0.0018112510442733765,1
0.0018041475878780603,2.215545966757924e-09,80360.0,0.001661062240600586,1
0.0017869157009682863,5.329409045536049e-12,69130.0,0.0017578601837158203,1
1.7512338884688534e-05,5.611057860338342e-09,69128.0,0.00010022521018981934,1
0.0018103265989381793,5.088438374495638e-09,69130.0,0.0017960220575332642,1
0.0017796504109558165,3.569616847149659e-09,69130.0,0.0017745047807693481,1
1.9784533839128694e-05,6.541877402497726e-12,69130.0,2.6226043701171875e-05,1
0.001813779917453528,3.4709276505968884e-09,69130.0,0.0017994195222854614,1
0.0018131183359370708,1.5362783707765158e-09,69130.0,0.0018058419227600098,1
35.9390597700262,0.000302963621531131,266240.0,0.40885016322135925,1
0.0017839906067699338,1.039684600321232e-11,69130.0,0.0017534345388412476,1
2.4425326001833815e-05,3.875006684496856e-09,69130.0,7.744133472442627e-05,1
1.990263039791668e-05,1.516745050895971e-09,69132.0,5.0827860832214355e-05,1
1.2922517909040008,0.05870252999007712,117496.0,0.8055727481842041,0
0.004410556783925882,2.485423246852447e-09,69646.0,0.00460660457611084,1
0.001833197487638727,6.91595279509113e-09,69134.0,0.0018350481986999512,1
0.0017700193418182433,3.2225541772672622e-09,69130.0,0.0017463266849517822,1
0.0017871305908655716,1.3063834895821125e-10,69130.0,0.001758575439453125,1
0.0017855863605583926,3.799688918548333e-09,69131.0,0.0017877519130706787,1
0.0017828452193120049,1.5468546972314012e-09,69129.0,0.0017698556184768677,1
1.2815799933587348,0.06125215974326061,112695.0,0.6239324063062668,0
6.278892244739286,0.08979760306161236,75222.0,0.48560597002506256,1
0.0018173006453745596,1.1138627614316971e-10,69130.0,0.0017897188663482666,1
2.4957163023837846e-05,4.2858087926959445e-09,69130.0,9.572505950927734e-05,1
0.0017889430763878497,1.4630696825140225e-09,69130.0,0.00176239013671875,1
1.068899528148873,0.05823531154747007,112505.0,0.8055931329727173,0
10000000.0,0.00013046089686537637,18312.0,0.41674068570137024,0
8.170130941722443,0.007211917591001533,174694.0,0.9076637327671051,1
0.001776377448048724,2.8037252389473325e-09,69130.0,0.0017696022987365723,1
5.547736533488312e-06,1.024061830768414e-10,69130.0,1.4603137969970703e-05,1
0.0017946010549949897,6.177921785250128e-09,69130.0,0.0018308162689208984,1
0.0017916942759919742,1.3346592144508986e-09,69130.0,0.0017742067575454712,1
1.2965015169279863,0.058864324447270695,118094.0,0.8054597973823547,0
9.202652027154032,0.006755004321529217,160815.0,0.5067875683307648,1
2.1985426800439383,0.05702019382688519,105071.0,0.5848121345043182,1
1.9478080659312307e-05,1.336594637547603e-10,69130.0,3.0428171157836914e-05,1
0.001829532121663607,9.508157366722091e-09,69135.0,0.0018627941608428955,1
2.44230577536448e-05,1.592647002257993e-09,69129.0,5.564093589782715e-05,1
1.2951275330870973,0.059237475414292765,118051.0,0.8050305247306824,0
0.1083636210676892,4.7582973586715825e-09,74301.0,0.12710143625736237,0
7.937661365094136,0.008397081111731569,178213.0,0.7086483687162399,1
1.1924860125250476,0.061663747714149564,126130.0,0.8056317567825317,1
2.1403504259660695e-05,1.1654402640063842e-10,69130.0,3.224611282348633e-05,1
0.0018291431967875351,4.369889614554785e-09,69135.0,0.0018246620893478394,1
0.001787610414848836,1.5482657993359617e-09,69130.0,0.0017756521701812744,1
1.0427609459586376,0.0602034091305551,108568.0,0.5016800612211227,0
0.0017932018937870974,3.5250959793661034e-09,69130.0,0.0017917901277542114,0
7.082997209257468,0.007008720940296362,167000.0,0.7801129221916199,0
0.0018116219436078316,2.8928047961222317e-11,78920.0,0.001612156629562378,1
0.0018353392495330297,4.9646336777659625e-09,69136.0,0.001819908618927002,1
0.0017942427030317254,1.371591739985859e-09,69130.0,0.0017709136009216309,1
1.0633542739382447,0.06039931419543572,109212.0,0.5000342130661011,0
0.21366661464901934,3.879656011243095e-08,68294.0,0.24129164218902588,0
6.830958057191825,0.009672356928960527,166846.0,0.5021793842315674,1
1.3273349309360079,0.0603189062073311,122792.0,0.80550716817379,1
2.0785934152296653e-05,1.1006362201895627e-10,69130.0,3.184378147125244e-05,1
0.0018689076782030035,1.2834310029403545e-08,69134.0,0.001855701208114624,1
0.0017877075598530998,1.307853537201996e-09,69130.0,0.0017834901809692383,1
1.0615110382542334,0.059162876744607525,112467.0,0.8077965676784515,0
0.0017789418190065928,1.827178612747501e-09,69130.0,0.0017616301774978638,0
10.133524669552719,0.0063415395558931624,177425.0,0.7284970879554749,1
1.2056430077207172,0.06229218936252259,114680.0,0.5015614628791809,1
0.0017850360738297984,3.8446088418585796e-11,69130.0,0.0017567425966262817,1
0.0018270812992548517,6.984712546548855e-09,69130.0,0.0018173307180404663,1
0.0017818266231482685,1.5254656716819058e-09,69130.0,0.0017796307802200317,1
1.39309380500459,0.0557557613813121,113610.0,0.7506570667028427,0
4.107529675790882,0.04572994045426719,67220.0,0.501430556178093,0
8.667548787288242,0.006417168969786112,174525.0,0.7336825430393219,1
1.2822481728991215,0.06284745858038698,115832.0,0.5650616884231567,1
0.001786744897838473,3.172264107344221e-11,69130.0,0.001757502555847168,1
0.0018481690903695326,1.0151381297565128e-08,69133.0,0.0018075257539749146,1
0.001783218836936029,1.6064201957394735e-09,69130.0,0.00177803635597229,1
0.0017814500240527738,3.65392581667558e-09,69129.0,0.0017738193273544312,0
0.8819822109619492,0.05348923103575643,132908.0,0.5011258125305176,1
0.0018202399178799344,2.5168353595335582e-11,69130.0,0.0017906129360198975,1
0.0018381643034964521,5.20882548723724e-09,69130.0,0.0018031150102615356,1
0.0017857147381919792,6.837042193640627e-09,69130.0,0.0017989128828048706,1
2.9612315489766443e-05,3.5251997784598232e-09,69130.0,8.228421211242676e-05,0
23.46123400235203,0.004235646305804177,47746.0,0.5000423938035965,0
6.834037220963424,0.009667078475858192,166841.0,0.5009924620389938,1
1.1806039825293182,0.060090215761333166,121635.0,0.8074813634157181,1
2.1772366014096904e-05,3.793728726157569e-11,69130.0,3.0055642127990723e-05,1
0.0017999846209731214,2.703273049564429e-09,69131.0,0.0017898231744766235,1
0.0017807257735341412,7.156545567587993e-09,69118.0,0.001825094223022461,1
0.0018221700065467754,4.124122867721118e-09,69130.0,0.0018212050199508667,1
0.0018073063464930843,4.378462288125746e-09,69130.0,0.0018115639686584473,0
10.959502150476924,0.005812068120257364,176822.0,0.7300224304199219,1
1.204940185029851,0.06241846015614762,114923.0,0.5015435069799423,1
0.001786009747500631,2.325748145562143e-11,69130.0,0.0017577558755874634,1
0.0018023448183155275,2.8190816907698053e-09,69130.0,0.0018061399459838867,1
2.4570148711380653e-05,7.210519655705001e-09,69129.0,0.00010752677917480469,1
0.001830041992874574,6.055314845605979e-09,69130.0,0.001850724220275879,1
0.0017876681422860313,3.3789934101285114e-12,69130.0,0.0017584264278411865,1
0.001805392569904388,3.51548357157792e-09,69130.0,0.0018097758293151855,0
0.0017903160478532438,8.849190986222083e-09,69130.0,0.0018310993909835815,1
1.2422562315047163,0.06331067799989715,116303.0,0.5017177164554596,1
0.001787821623384132,8.161503058050494e-12,69130.0,0.0017590969800949097,1
4.322585184459232e-05,7.802123563199266e-09,69128.0,0.00010159611701965332,1
0.0017881580764037297,7.265585805699163e-09,69128.0,0.0017948299646377563,1
2.5638659263934996e-05,3.6815040201589836e-09,69130.0,7.398426532745361e-05,1
0.0017838180589550175,1.9658188780024556e-12,69130.0,0.0017548799514770508,1
0.0017930351129448404,3.2207954002716954e-09,69130.0,0.0018006712198257446,1
3.0878553691158745,0.02043473809560545,226649.0,0.7724611610174179,1
1.2982131244435766,0.06324615362479798,116746.0,0.5507619380950928,1
0.0017842360912997714,6.634537368809978e-12,69130.0,0.001755058765411377,1
0.001817593183033909,6.033249269397573e-09,69127.0,0.0018167495727539062,1
0.0017858429300077396,5.7919473309800816e-09,69129.0,0.001804262399673462,1
2.1080598539876765e-05,4.348164873396835e-09,69130.0,7.82012939453125e-05,1
0.001785087856678223,2.666963309216552e-12,69130.0,0.0017555207014083862,1
0.0018129830531334276,4.257798853012919e-09,69129.0,0.001802891492843628,1
0.0017823427095142077,4.012547721433921e-09,69128.0,0.0018087327480316162,1
1.3333128842361752,0.06096283132761629,123689.0,0.8062700927257538,1
0.0017863985692311338,2.2609158645591487e-12,69130.0,0.0017575472593307495,1
0.0017839713084436782,4.111051700186881e-09,69130.0,0.0017959773540496826,1
0.0017820691685977775,1.49197385365323e-09,69128.0,0.0017656534910202026,1
0.0017875642320909746,2.8946238906925547e-09,69129.0,0.0017825514078140259,1
4.725590463746386,0.013273927787116467,184446.0,0.5010481476783752,1
0.001801871505948177,3.0659677400215768e-09,69126.0,0.0017913281917572021,1
0.0017890110000406266,2.742421771747088e-09,69130.0,0.001778915524482727,1
3.106683773048135e-05,3.2386029092910457e-09,69130.0,6.726384162902832e-05,1
0.0017853077091600261,1.21792690421554e-10,69130.0,0.0017599612474441528,1
0.00178263692842542,3.966147305913847e-09,69129.0,0.0017856359481811523,1
0.0017880290499502636,1.5008116240289826e-09,69130.0,0.0017774403095245361,1
0.0017902926588778275,2.194927229528015e-09,69124.0,0.0017805695533752441,1
12.589737425554192,0.005337899442962075,96145.0,0.5701554417610168,0
0.0018079067615623364,3.3519718817336754e-10,78773.0,0.0016268789768218994,1
0.0017672364118397638,3.7021069252507218e-09,69129.0,0.0017581582069396973,1
0.0018099921612043182,3.2709795372277954e-09,69132.0,0.0017863959074020386,1
2.1869970863189098e-05,1.3663041898977567e-10,69130.0,3.591179847717285e-05,1
0.0018096380096785112,3.7748296288522295e-09,69131.0,0.001837313175201416,1
1.677940887878118e-05,1.7309031658365048e-09,69130.0,5.310773849487305e-05,1
0.0018096662160841524,2.649991646482099e-09,69130.0,0.0018033981323242188,1
0.001802008650281287,3.493099837968424e-10,80180.0,0.0016438066959381104,1
0.0018187296426666467,2.5363841210460853e-09,69130.0,0.0018066316843032837,1
0.0017860622527735865,1.4925012232458457e-10,69130.0,0.001759156584739685,1
0.0018181620226664869,5.500670969917991e-09,69137.0,0.0018358230590820312,1
0.0017858385464457937,1.6016297333764574e-09,69130.0,0.0017792284488677979,1
0.0018121882167107157,2.9695946889015967e-09,69130.0,0.0018097162246704102,1
1.5136218782625872,0.03270999249912797,203613.0,0.8774569928646088,1
11.7729790885956,0.0053172178018884245,105528.0,0.5693031847476959,1
3.4120844735433105e-05,3.2584488017284316e-09,69129.0,6.847083568572998e-05,1
2.1915950903201198e-05,1.0603913624514853e-10,69130.0,3.224611282348633e-05,1
2.1054850387946898e-05,5.936705884118405e-09,69130.0,0.00010392069816589355,1
0.0017859697526923122,1.5788980287957753e-09,69130.0,0.001775488257408142,1
0.0017756998939789143,3.0396588267963396e-09,69128.0,0.0017633140087127686,1
4.304469615158326,0.01441209563399527,216737.0,0.7085554450750351,0
0.6134523752669446,0.0586437066330447,77808.0,0.8086304813623428,1
0.0017975083625741486,2.6491622321625436e-09,69130.0,0.0018029212951660156,1
0.0017850982567840564,1.2828101689088074e-10,69130.0,0.00176161527633667,1
0.0018265626371682375,6.536308952288535e-09,69132.0,0.0018403083086013794,1
0.0017876466985968474,1.5858646179391492e-09,69130.0,0.001775011420249939,1
1.344883251108073e-05,2.89094234271118e-09,69130.0,6.173551082611084e-05,1
0.6447747733558927,0.029445893188084264,154168.0,0.5007110834121704,1
4.601799380683302,0.012981562353669939,213961.0,0.6886733919382095,1
0.0017861408125040951,2.3660512722732964e-09,69130.0,0.0017708837985992432,1
0.001783595613815607,9.562106016193986e-11,69129.0,0.0017570406198501587,1
0.0018118945278555647,1.1242995040124318e-08,69130.0,0.0018197596073150635,1
0.0017845637661996327,1.5113028534809715e-09,69129.0,0.0017665624618530273,1
1.9516255101920173e-05,3.2362239108198213e-09,69130.0,7.541477680206299e-05,1
11.702424192461137,0.005737350450911846,98508.0,0.5006646513938904,0
0.0018072983978800919,1.654897253185002e-09,80260.0,0.0016718804836273193,1
2.142588530618173e-05,2.4890041877905305e-09,69130.0,5.8591365814208984e-05,1
0.0017845236019883091,1.109891431913746e-10,69130.0,0.0017548054456710815,1
3.9405460829233056e-05,6.402472793766958e-09,69132.0,9.344518184661865e-05,1
0.001782589735342819,1.6333686250610959e-09,69130.0,0.0017627626657485962,1
0.0018159008312920895,3.423855062563191e-09,69132.0,0.0017989575862884521,1
1.420313509760015,0.03381025833454373,195332.0,0.8762758672237396,1
8.740707173925422,0.007154933376410205,124256.0,0.5000015497207642,1
2.67445416861044e-05,1.933541999178949e-09,69130.0,6.039440631866455e-05,1
2.3751689052506375e-05,6.915666605493998e-11,69129.0,3.4049153327941895e-05,1
0.0018121549472633262,6.091664780222099e-09,69130.0,0.0018058717250823975,1
0.0017862479533097254,1.6251667291349372e-09,69130.0,0.0017794519662857056,1
0.0017861789477945406,3.2966188426358726e-09,69130.0,0.0017744898796081543,1
5.107602996438846,0.012041413294257433,177660.0,0.6656701415777206,0
8.781526240807484e-06,1.3845742831914394e-09,80136.0,6.112456321716309e-05,1
0.0018117346830024445,1.1285554310399323e-09,69130.0,0.0017973333597183228,1
0.0017841770301943725,9.013230730807288e-11,69130.0,0.0017554014921188354,1
0.0018507795193283857,6.422982033740927e-09,69133.0,0.001832917332649231,1
0.0017902716757346388,1.4106642267602456e-09,69130.0,0.001783117651939392,1
0.0018158104553010542,3.588401201236321e-09,69130.0,0.0018099844455718994,1
84.6776342908918,0.0002443577684244286,50752.0,0.42718397080898285,0
3.7616209868948567e-06,1.4089595013982344e-09,78788.0,6.410479545593262e-05,1
0.0017772411779007678,9.268527429157124e-10,69130.0,0.0017641782760620117,1
2.207571198927485e-05,3.3377045988926895e-11,69130.0,3.039836883544922e-05,1
0.0018266775400134613,8.324454262214434e-09,69132.0,0.0018063336610794067,1
0.0017845655728011142,1.5452961445739426e-09,69129.0,0.0017798542976379395,1
2.133632953084974e-05,3.3629332698268988e-09,69130.0,7.021427154541016e-05,1
0.0017524246208381305,4.910791409301452e-09,56486.0,0.0017551332712173462,0
0.0018020656229868306,3.0213924632486876e-09,78787.0,0.0016432404518127441,1
0.0018245934797261909,8.420456999402429e-10,69131.0,0.0018023252487182617,1
0.0017848540004077801,4.5259827509482793e-11,69130.0,0.001758664846420288,1
0.0019073119137765647,1.1395261740014349e-08,69138.0,0.0018703937530517578,1
2.210219977519229e-05,1.3626823548317011e-09,69130.0,5.151331424713135e-05,1
0.001817662071243167,3.758016315906886e-09,69132.0,0.00180758535861969,1
0.0017870471719695922,1.1711434312088252e-10,69130.0,0.0017597675323486328,0
8.644407505666849e-06,5.142043008649532e-09,81892.0,0.00011534988880157471,1
0.0018119256514471463,8.595290036299365e-10,69130.0,0.0017864853143692017,1
0.0017829641379740438,4.027740169479407e-11,69130.0,0.0017548948526382446,1
7.087949544492978e-05,5.012021198087797e-09,69133.0,9.274482727050781e-05,1
0.0017828436086840317,8.104665404181815e-09,69124.0,0.0018209218978881836,1
0.001818428218619616,3.6778563278578193e-09,69130.0,0.0018089860677719116,1
0.00178736544581016,4.177102184288716e-09,69130.0,0.001792117953300476,1
0.001820767923407989,3.711317089030174e-09,69130.0,0.0018242895603179932,1
0.0018092746908583979,2.0350012057606645e-09,84145.0,0.001702919602394104,1
0.0017883705613247292,1.7684076408225783e-11,69130.0,0.0017600059509277344,1
0.001789242924495058,1.7584794870148184e-09,69129.0,0.0017935335636138916,1
0.0017842647607722534,6.6299461959894726e-09,69125.0,0.0017805397510528564,1
2.033599635556071e-05,2.7019660106588317e-09,69129.0,6.811320781707764e-05,1
0.0017833381711436674,1.4212592277827833e-11,69130.0,0.0017530322074890137,1
0.0017912070901510014,4.0589126762857026e-09,69129.0,0.0018067806959152222,1
1.85947653286171,0.035895669862428196,192773.0,0.8075732439756393,1
2.2233855794317738e-05,7.193511047758903e-10,69130.0,4.373490810394287e-05,1
0.0017860200832774211,8.2136409859409e-12,69130.0,0.0017568618059158325,1
0.001797085627990952,4.2658977457634394e-09,69128.0,0.0017859786748886108,1
0.0017919009960941838,6.778572477148219e-09,69126.0,0.0018246620893478394,1
0.001778090626814354,3.942032398679875e-09,69122.0,0.001775890588760376,1
0.0017881967458312081,1.015862923305931e-12,69130.0,0.001758277416229248,1
1.740666757209088e-05,5.270575918374235e-09,69128.0,9.113550186157227e-05,1
2.0462815817028893e-05,3.970250428268552e-09,69129.0,7.335841655731201e-05,1
0.0017830943564555951,2.8151464224421584e-09,69130.0,0.0017787665128707886,1
